# Created by Octave 2.1.69, Wed May 11 15:56:08 2005 CEST <javier@hypercat02.atc.ugr.es>
# name: instr
# type: cell
# rows: 12
# columns: 3
# name: <cell-element>
# type: string
# elements: 1
# length: 15
WaveLine_argchk
# name: <cell-element>
# type: string
# elements: 1
# length: 5
ldimg
# name: <cell-element>
# type: string
# elements: 1
# length: 5
lboot
# name: <cell-element>
# type: string
# elements: 1
# length: 5
spawn
# name: <cell-element>
# type: string
# elements: 1
# length: 5
ncmds
# name: <cell-element>
# type: string
# elements: 1
# length: 5
loop1
# name: <cell-element>
# type: string
# elements: 1
# length: 10
WLdwt2TBag
# name: <cell-element>
# type: string
# elements: 1
# length: 1
-
# name: <cell-element>
# type: string
# elements: 1
# length: 11
WLidwt2TBag
# name: <cell-element>
# type: string
# elements: 1
# length: 1
-
# name: <cell-element>
# type: string
# elements: 1
# length: 5
clean
# name: <cell-element>
# type: string
# elements: 1
# length: 6
TOTAL:

# name: <cell-element>
# type: scalar
0.000802040100097656
# name: <cell-element>
# type: scalar
0.0140140056610107
# name: <cell-element>
# type: scalar
0.153700113296509
# name: <cell-element>
# type: scalar
0.349440813064575
# name: <cell-element>
# type: scalar
0.0155889987945557
# name: <cell-element>
# type: scalar
0.000722169876098633
# name: <cell-element>
# type: scalar
17.5927720069885
# name: <cell-element>
# type: scalar
0.00192403793334961
# name: <cell-element>
# type: scalar
17.5038340091705
# name: <cell-element>
# type: scalar
0.000733852386474609
# name: <cell-element>
# type: scalar
0.0362660884857178
# name: <cell-element>
# type: scalar
35.6697981357574

# name: <cell-element>
# type: cell
# rows: 0
# columns: 0
# name: <cell-element>
# type: cell
# rows: 0
# columns: 0
# name: <cell-element>
# type: cell
# rows: 0
# columns: 0
# name: <cell-element>
# type: cell
# rows: 0
# columns: 0
# name: <cell-element>
# type: cell
# rows: 0
# columns: 0
# name: <cell-element>
# type: cell
# rows: 0
# columns: 0
# name: <cell-element>
# type: cell
# rows: 9
# columns: 3
# name: <cell-element>
# type: string
# elements: 1
# length: 14
WLdwt2TBag_ini
# name: <cell-element>
# type: string
# elements: 1
# length: 4
rows
# name: <cell-element>
# type: string
# elements: 1
# length: 1
-
# name: <cell-element>
# type: string
# elements: 1
# length: 5
probe
# name: <cell-element>
# type: string
# elements: 1
# length: 4
cols
# name: <cell-element>
# type: string
# elements: 1
# length: 1
-
# name: <cell-element>
# type: string
# elements: 1
# length: 5
probe
# name: <cell-element>
# type: string
# elements: 1
# length: 5
reorg
# name: <cell-element>
# type: string
# elements: 1
# length: 6
TOTAL:

# name: <cell-element>
# type: scalar
0.000519037246704102
# name: <cell-element>
# type: scalar
8.89288282394409
# name: <cell-element>
# type: scalar
0.000111103057861328
# name: <cell-element>
# type: scalar
0.0184519290924072
# name: <cell-element>
# type: scalar
8.6539101600647
# name: <cell-element>
# type: scalar
0.00010991096496582
# name: <cell-element>
# type: scalar
0.00778794288635254
# name: <cell-element>
# type: scalar
0.0189990997314453
# name: <cell-element>
# type: scalar
17.5927720069885

# name: <cell-element>
# type: cell
# rows: 0
# columns: 0
# name: <cell-element>
# type: cell
# rows: 13
# columns: 3
# name: <cell-element>
# type: string
# elements: 1
# length: 8
rows_ini
# name: <cell-element>
# type: string
# elements: 1
# length: 4
100r
# name: <cell-element>
# type: string
# elements: 1
# length: 4
100r
# name: <cell-element>
# type: string
# elements: 1
# length: 4
100r
# name: <cell-element>
# type: string
# elements: 1
# length: 4
100r
# name: <cell-element>
# type: string
# elements: 1
# length: 4
100r
# name: <cell-element>
# type: string
# elements: 1
# length: 3
12r
# name: <cell-element>
# type: string
# elements: 1
# length: 1
.
# name: <cell-element>
# type: string
# elements: 1
# length: 1
.
# name: <cell-element>
# type: string
# elements: 1
# length: 1
.
# name: <cell-element>
# type: string
# elements: 1
# length: 1
.
# name: <cell-element>
# type: string
# elements: 1
# length: 1
.
# name: <cell-element>
# type: string
# elements: 1
# length: 6
TOTAL:

# name: <cell-element>
# type: scalar
0.0422918796539307
# name: <cell-element>
# type: scalar
1.73702001571655
# name: <cell-element>
# type: scalar
1.7172999382019
# name: <cell-element>
# type: scalar
1.72079205513
# name: <cell-element>
# type: scalar
1.72202610969543
# name: <cell-element>
# type: scalar
1.7078869342804
# name: <cell-element>
# type: scalar
0.203803062438965
# name: <cell-element>
# type: scalar
0.00844597816467285
# name: <cell-element>
# type: scalar
0.00831198692321777
# name: <cell-element>
# type: scalar
0.00818300247192383
# name: <cell-element>
# type: scalar
0.00838994979858398
# name: <cell-element>
# type: scalar
0.00843191146850586
# name: <cell-element>
# type: scalar
8.89288282394409

# name: <cell-element>
# type: cell
# rows: 0
# columns: 0
# name: <cell-element>
# type: cell
# rows: 0
# columns: 0
# name: <cell-element>
# type: cell
# rows: 0
# columns: 0
# name: <cell-element>
# type: cell
# rows: 0
# columns: 0
# name: <cell-element>
# type: cell
# rows: 0
# columns: 0
# name: <cell-element>
# type: cell
# rows: 0
# columns: 0
# name: <cell-element>
# type: cell
# rows: 0
# columns: 0
# name: <cell-element>
# type: cell
# rows: 0
# columns: 0
# name: <cell-element>
# type: cell
# rows: 0
# columns: 0
# name: <cell-element>
# type: cell
# rows: 0
# columns: 0
# name: <cell-element>
# type: cell
# rows: 0
# columns: 0
# name: <cell-element>
# type: cell
# rows: 0
# columns: 0
# name: <cell-element>
# type: cell
# rows: 0
# columns: 0

# name: <cell-element>
# type: cell
# rows: 0
# columns: 0
# name: <cell-element>
# type: cell
# rows: 0
# columns: 0
# name: <cell-element>
# type: cell
# rows: 13
# columns: 3
# name: <cell-element>
# type: string
# elements: 1
# length: 8
cols_ini
# name: <cell-element>
# type: string
# elements: 1
# length: 4
100c
# name: <cell-element>
# type: string
# elements: 1
# length: 4
100c
# name: <cell-element>
# type: string
# elements: 1
# length: 4
100c
# name: <cell-element>
# type: string
# elements: 1
# length: 4
100c
# name: <cell-element>
# type: string
# elements: 1
# length: 4
100c
# name: <cell-element>
# type: string
# elements: 1
# length: 3
12c
# name: <cell-element>
# type: string
# elements: 1
# length: 1
.
# name: <cell-element>
# type: string
# elements: 1
# length: 1
.
# name: <cell-element>
# type: string
# elements: 1
# length: 1
.
# name: <cell-element>
# type: string
# elements: 1
# length: 1
.
# name: <cell-element>
# type: string
# elements: 1
# length: 1
.
# name: <cell-element>
# type: string
# elements: 1
# length: 6
TOTAL:

# name: <cell-element>
# type: scalar
0.03497314453125
# name: <cell-element>
# type: scalar
1.66129589080811
# name: <cell-element>
# type: scalar
1.67750811576843
# name: <cell-element>
# type: scalar
1.67561292648315
# name: <cell-element>
# type: scalar
1.67791390419006
# name: <cell-element>
# type: scalar
1.68088507652283
# name: <cell-element>
# type: scalar
0.204117059707642
# name: <cell-element>
# type: scalar
0.00838994979858398
# name: <cell-element>
# type: scalar
0.00825595855712891
# name: <cell-element>
# type: scalar
0.00821590423583984
# name: <cell-element>
# type: scalar
0.00850701332092285
# name: <cell-element>
# type: scalar
0.00823521614074707
# name: <cell-element>
# type: scalar
8.6539101600647

# name: <cell-element>
# type: cell
# rows: 0
# columns: 0
# name: <cell-element>
# type: cell
# rows: 0
# columns: 0
# name: <cell-element>
# type: cell
# rows: 0
# columns: 0
# name: <cell-element>
# type: cell
# rows: 0
# columns: 0
# name: <cell-element>
# type: cell
# rows: 0
# columns: 0
# name: <cell-element>
# type: cell
# rows: 0
# columns: 0
# name: <cell-element>
# type: cell
# rows: 0
# columns: 0
