# Created by Octave 2.1.69, Wed May 11 16:00:47 2005 CEST <javier@hypercat02.atc.ugr.es>
# name: instr
# type: cell
# rows: 12
# columns: 3
# name: <cell-element>
# type: string
# elements: 1
# length: 15
WaveLine_argchk
# name: <cell-element>
# type: string
# elements: 1
# length: 5
ldimg
# name: <cell-element>
# type: string
# elements: 1
# length: 5
lboot
# name: <cell-element>
# type: string
# elements: 1
# length: 5
spawn
# name: <cell-element>
# type: string
# elements: 1
# length: 5
ncmds
# name: <cell-element>
# type: string
# elements: 1
# length: 5
loop1
# name: <cell-element>
# type: string
# elements: 1
# length: 10
WLdwt2TBag
# name: <cell-element>
# type: string
# elements: 1
# length: 1
-
# name: <cell-element>
# type: string
# elements: 1
# length: 11
WLidwt2TBag
# name: <cell-element>
# type: string
# elements: 1
# length: 1
-
# name: <cell-element>
# type: string
# elements: 1
# length: 5
clean
# name: <cell-element>
# type: string
# elements: 1
# length: 6
TOTAL:

# name: <cell-element>
# type: scalar
0.000818014144897461
# name: <cell-element>
# type: scalar
0.0140600204467773
# name: <cell-element>
# type: scalar
0.151370048522949
# name: <cell-element>
# type: scalar
0.285315990447998
# name: <cell-element>
# type: scalar
0.0153059959411621
# name: <cell-element>
# type: scalar
0.000737905502319336
# name: <cell-element>
# type: scalar
16.6258749961853
# name: <cell-element>
# type: scalar
0.00186610221862793
# name: <cell-element>
# type: scalar
16.6494858264923
# name: <cell-element>
# type: scalar
0.000747203826904297
# name: <cell-element>
# type: scalar
0.0358989238739014
# name: <cell-element>
# type: scalar
33.7814810276031

# name: <cell-element>
# type: cell
# rows: 0
# columns: 0
# name: <cell-element>
# type: cell
# rows: 0
# columns: 0
# name: <cell-element>
# type: cell
# rows: 0
# columns: 0
# name: <cell-element>
# type: cell
# rows: 0
# columns: 0
# name: <cell-element>
# type: cell
# rows: 0
# columns: 0
# name: <cell-element>
# type: cell
# rows: 0
# columns: 0
# name: <cell-element>
# type: cell
# rows: 9
# columns: 3
# name: <cell-element>
# type: string
# elements: 1
# length: 14
WLdwt2TBag_ini
# name: <cell-element>
# type: string
# elements: 1
# length: 4
rows
# name: <cell-element>
# type: string
# elements: 1
# length: 1
-
# name: <cell-element>
# type: string
# elements: 1
# length: 5
probe
# name: <cell-element>
# type: string
# elements: 1
# length: 4
cols
# name: <cell-element>
# type: string
# elements: 1
# length: 1
-
# name: <cell-element>
# type: string
# elements: 1
# length: 5
probe
# name: <cell-element>
# type: string
# elements: 1
# length: 5
reorg
# name: <cell-element>
# type: string
# elements: 1
# length: 6
TOTAL:

# name: <cell-element>
# type: scalar
0.000672101974487305
# name: <cell-element>
# type: scalar
8.44597697257996
# name: <cell-element>
# type: scalar
0.000123977661132812
# name: <cell-element>
# type: scalar
0.0180740356445312
# name: <cell-element>
# type: scalar
8.13446187973022
# name: <cell-element>
# type: scalar
0.000132083892822266
# name: <cell-element>
# type: scalar
0.00742006301879883
# name: <cell-element>
# type: scalar
0.0190138816833496
# name: <cell-element>
# type: scalar
16.6258749961853

# name: <cell-element>
# type: cell
# rows: 0
# columns: 0
# name: <cell-element>
# type: cell
# rows: 9
# columns: 3
# name: <cell-element>
# type: string
# elements: 1
# length: 8
rows_ini
# name: <cell-element>
# type: string
# elements: 1
# length: 4
100r
# name: <cell-element>
# type: string
# elements: 1
# length: 4
100r
# name: <cell-element>
# type: string
# elements: 1
# length: 4
100r
# name: <cell-element>
# type: string
# elements: 1
# length: 4
100r
# name: <cell-element>
# type: string
# elements: 1
# length: 4
100r
# name: <cell-element>
# type: string
# elements: 1
# length: 3
12r
# name: <cell-element>
# type: string
# elements: 1
# length: 1
.
# name: <cell-element>
# type: string
# elements: 1
# length: 6
TOTAL:

# name: <cell-element>
# type: scalar
0.0430598258972168
# name: <cell-element>
# type: scalar
1.69291710853577
# name: <cell-element>
# type: scalar
1.62514996528625
# name: <cell-element>
# type: scalar
1.62521600723267
# name: <cell-element>
# type: scalar
1.62381505966187
# name: <cell-element>
# type: scalar
1.61304998397827
# name: <cell-element>
# type: scalar
0.207375049591064
# name: <cell-element>
# type: scalar
0.0153939723968506
# name: <cell-element>
# type: scalar
8.44597697257996

# name: <cell-element>
# type: cell
# rows: 0
# columns: 0
# name: <cell-element>
# type: cell
# rows: 0
# columns: 0
# name: <cell-element>
# type: cell
# rows: 0
# columns: 0
# name: <cell-element>
# type: cell
# rows: 0
# columns: 0
# name: <cell-element>
# type: cell
# rows: 0
# columns: 0
# name: <cell-element>
# type: cell
# rows: 0
# columns: 0
# name: <cell-element>
# type: cell
# rows: 0
# columns: 0
# name: <cell-element>
# type: cell
# rows: 0
# columns: 0
# name: <cell-element>
# type: cell
# rows: 0
# columns: 0

# name: <cell-element>
# type: cell
# rows: 0
# columns: 0
# name: <cell-element>
# type: cell
# rows: 0
# columns: 0
# name: <cell-element>
# type: cell
# rows: 9
# columns: 3
# name: <cell-element>
# type: string
# elements: 1
# length: 8
cols_ini
# name: <cell-element>
# type: string
# elements: 1
# length: 4
100c
# name: <cell-element>
# type: string
# elements: 1
# length: 4
100c
# name: <cell-element>
# type: string
# elements: 1
# length: 4
100c
# name: <cell-element>
# type: string
# elements: 1
# length: 4
100c
# name: <cell-element>
# type: string
# elements: 1
# length: 4
100c
# name: <cell-element>
# type: string
# elements: 1
# length: 3
12c
# name: <cell-element>
# type: string
# elements: 1
# length: 1
.
# name: <cell-element>
# type: string
# elements: 1
# length: 6
TOTAL:

# name: <cell-element>
# type: scalar
0.0363850593566895
# name: <cell-element>
# type: scalar
1.59153485298157
# name: <cell-element>
# type: scalar
1.57534909248352
# name: <cell-element>
# type: scalar
1.5739438533783
# name: <cell-element>
# type: scalar
1.57374000549316
# name: <cell-element>
# type: scalar
1.57873320579529
# name: <cell-element>
# type: scalar
0.189525842666626
# name: <cell-element>
# type: scalar
0.0152499675750732
# name: <cell-element>
# type: scalar
8.13446187973022

# name: <cell-element>
# type: cell
# rows: 0
# columns: 0
# name: <cell-element>
# type: cell
# rows: 0
# columns: 0
# name: <cell-element>
# type: cell
# rows: 0
# columns: 0
# name: <cell-element>
# type: cell
# rows: 0
# columns: 0
# name: <cell-element>
# type: cell
# rows: 0
# columns: 0
# name: <cell-element>
# type: cell
# rows: 0
# columns: 0
# name: <cell-element>
# type: cell
# rows: 0
# columns: 0
# name: <cell-element>
# type: cell
# rows: 0
# columns: 0
# name: <cell-element>
# type: cell
# rows: 0
# columns: 0

# name: <cell-element>
# type: cell
# rows: 0
# columns: 0
# name: <cell-element>
# type: cell
# rows: 0
# columns: 0
# name: <cell-element>
# type: cell
# rows: 0
# columns: 0
# name: <cell-element>
# type: cell
# rows: 0
# columns: 0

# name: <cell-element>
# type: cell
# rows: 0
# columns: 0
# name: <cell-element>
# type: cell
# rows: 8
# columns: 3
# name: <cell-element>
# type: string
# elements: 1
# length: 15
WLidwt2TBag_ini
# name: <cell-element>
# type: string
# elements: 1
# length: 4
cols
# name: <cell-element>
# type: string
# elements: 1
# length: 1
-
# name: <cell-element>
# type: string
# elements: 1
# length: 5
probe
# name: <cell-element>
# type: string
# elements: 1
# length: 4
rows
# name: <cell-element>
# type: string
# elements: 1
# length: 1
-
# name: <cell-element>
# type: string
# elements: 1
# length: 5
probe
# name: <cell-element>
# type: string
# elements: 1
# length: 6
TOTAL:

# name: <cell-element>
# type: scalar
0.0609350204467773
# name: <cell-element>
# type: scalar
8.22715902328491
# name: <cell-element>
# type: scalar
0.000125885009765625
# name: <cell-element>
# type: scalar
0.000442981719970703
