# Created by Octave 2.1.69, Wed May 11 16:10:24 2005 CEST <javier@hypercat02.atc.ugr.es>
# name: instr
# type: cell
# rows: 12
# columns: 3
# name: <cell-element>
# type: string
# elements: 1
# length: 16
WaveStrip_argchk
# name: <cell-element>
# type: string
# elements: 1
# length: 5
ldimg
# name: <cell-element>
# type: string
# elements: 1
# length: 5
lboot
# name: <cell-element>
# type: string
# elements: 1
# length: 5
spawn
# name: <cell-element>
# type: string
# elements: 1
# length: 5
ncmds
# name: <cell-element>
# type: string
# elements: 1
# length: 5
loop1
# name: <cell-element>
# type: string
# elements: 1
# length: 10
WSdwt2TBag
# name: <cell-element>
# type: string
# elements: 1
# length: 1
-
# name: <cell-element>
# type: string
# elements: 1
# length: 11
WSidwt2TBag
# name: <cell-element>
# type: string
# elements: 1
# length: 1
-
# name: <cell-element>
# type: string
# elements: 1
# length: 5
clean
# name: <cell-element>
# type: string
# elements: 1
# length: 6
TOTAL:

# name: <cell-element>
# type: scalar
0.000697135925292969
# name: <cell-element>
# type: scalar
0.0138068199157715
# name: <cell-element>
# type: scalar
0.144423007965088
# name: <cell-element>
# type: scalar
0.364578008651733
# name: <cell-element>
# type: scalar
0.0153360366821289
# name: <cell-element>
# type: scalar
0.00071406364440918
# name: <cell-element>
# type: scalar
1.00698900222778
# name: <cell-element>
# type: scalar
0.00198483467102051
# name: <cell-element>
# type: scalar
0.972484111785889
# name: <cell-element>
# type: scalar
0.000730991363525391
# name: <cell-element>
# type: scalar
0.032383918762207
# name: <cell-element>
# type: scalar
2.55412793159485

# name: <cell-element>
# type: cell
# rows: 0
# columns: 0
# name: <cell-element>
# type: cell
# rows: 0
# columns: 0
# name: <cell-element>
# type: cell
# rows: 0
# columns: 0
# name: <cell-element>
# type: cell
# rows: 0
# columns: 0
# name: <cell-element>
# type: cell
# rows: 0
# columns: 0
# name: <cell-element>
# type: cell
# rows: 0
# columns: 0
# name: <cell-element>
# type: cell
# rows: 11
# columns: 3
# name: <cell-element>
# type: string
# elements: 1
# length: 14
WSdwt2TBag_ini
# name: <cell-element>
# type: string
# elements: 1
# length: 4
rows
# name: <cell-element>
# type: string
# elements: 1
# length: 1
-
# name: <cell-element>
# type: string
# elements: 1
# length: 5
probe
# name: <cell-element>
# type: string
# elements: 1
# length: 1
.
# name: <cell-element>
# type: string
# elements: 1
# length: 4
cols
# name: <cell-element>
# type: string
# elements: 1
# length: 1
-
# name: <cell-element>
# type: string
# elements: 1
# length: 5
probe
# name: <cell-element>
# type: string
# elements: 1
# length: 1
.
# name: <cell-element>
# type: string
# elements: 1
# length: 5
reorg
# name: <cell-element>
# type: string
# elements: 1
# length: 6
TOTAL:

# name: <cell-element>
# type: scalar
0.000792980194091797
# name: <cell-element>
# type: scalar
0.424155950546265
# name: <cell-element>
# type: scalar
0.000123977661132812
# name: <cell-element>
# type: scalar
0.0232541561126709
# name: <cell-element>
# type: scalar
0.000652790069580078
# name: <cell-element>
# type: scalar
0.528074026107788
# name: <cell-element>
# type: scalar
0.000128030776977539
# name: <cell-element>
# type: scalar
0.0113329887390137
# name: <cell-element>
# type: scalar
0.00011897087097168
# name: <cell-element>
# type: scalar
0.018355131149292
# name: <cell-element>
# type: scalar
1.00698900222778

# name: <cell-element>
# type: cell
# rows: 0
# columns: 0
# name: <cell-element>
# type: cell
# rows: 21
# columns: 3
# name: <cell-element>
# type: string
# elements: 1
# length: 8
rows_ini
# name: <cell-element>
# type: string
# elements: 1
# length: 6
strp#1
# name: <cell-element>
# type: string
# elements: 1
# length: 6
strp#2
# name: <cell-element>
# type: string
# elements: 1
# length: 6
strp#3
# name: <cell-element>
# type: string
# elements: 1
# length: 6
strp#4
# name: <cell-element>
# type: string
# elements: 1
# length: 6
strp#5
# name: <cell-element>
# type: string
# elements: 1
# length: 6
strp#6
# name: <cell-element>
# type: string
# elements: 1
# length: 5
alloc
# name: <cell-element>
# type: string
# elements: 1
# length: 2
r1
# name: <cell-element>
# type: string
# elements: 1
# length: 2
cp
# name: <cell-element>
# type: string
# elements: 1
# length: 2
r2
# name: <cell-element>
# type: string
# elements: 1
# length: 2
cp
# name: <cell-element>
# type: string
# elements: 1
# length: 2
r3
# name: <cell-element>
# type: string
# elements: 1
# length: 2
cp
# name: <cell-element>
# type: string
# elements: 1
# length: 2
r4
# name: <cell-element>
# type: string
# elements: 1
# length: 2
cp
# name: <cell-element>
# type: string
# elements: 1
# length: 2
r5
# name: <cell-element>
# type: string
# elements: 1
# length: 2
cp
# name: <cell-element>
# type: string
# elements: 1
# length: 2
r6
# name: <cell-element>
# type: string
# elements: 1
# length: 2
cp
# name: <cell-element>
# type: string
# elements: 1
# length: 6
TOTAL:

# name: <cell-element>
# type: scalar
0.0356349945068359
# name: <cell-element>
# type: scalar
0.00249195098876953
# name: <cell-element>
# type: scalar
0.00246405601501465
# name: <cell-element>
# type: scalar
0.00245499610900879
# name: <cell-element>
# type: scalar
0.00248193740844727
# name: <cell-element>
# type: scalar
0.0024571418762207
# name: <cell-element>
# type: scalar
0.109211921691895
# name: <cell-element>
# type: scalar
0.0181798934936523
# name: <cell-element>
# type: scalar
0.144492149353027
# name: <cell-element>
# type: scalar
0.010113000869751
# name: <cell-element>
# type: scalar
0.00731301307678223
# name: <cell-element>
# type: scalar
0.0100588798522949
# name: <cell-element>
# type: scalar
0.0069739818572998
# name: <cell-element>
# type: scalar
0.0127811431884766
# name: <cell-element>
# type: scalar
0.00702595710754395
# name: <cell-element>
# type: scalar
0.012645959854126
# name: <cell-element>
# type: scalar
0.00718498229980469
# name: <cell-element>
# type: scalar
0.0126059055328369
# name: <cell-element>
# type: scalar
0.00700616836547852
# name: <cell-element>
# type: scalar
0.010577917098999
# name: <cell-element>
# type: scalar
0.424155950546265

# name: <cell-element>
# type: cell
# rows: 0
# columns: 0
# name: <cell-element>
# type: cell
# rows: 0
# columns: 0
# name: <cell-element>
# type: cell
# rows: 0
# columns: 0
# name: <cell-element>
# type: cell
# rows: 0
# columns: 0
# name: <cell-element>
# type: cell
# rows: 0
# columns: 0
# name: <cell-element>
# type: cell
# rows: 0
# columns: 0
# name: <cell-element>
# type: cell
# rows: 0
# columns: 0
# name: <cell-element>
# type: cell
# rows: 0
# columns: 0
# name: <cell-element>
# type: cell
# rows: 0
# columns: 0
# name: <cell-element>
# type: cell
# rows: 0
# columns: 0
# name: <cell-element>
# type: cell
# rows: 0
# columns: 0
# name: <cell-element>
# type: cell
# rows: 0
# columns: 0
# name: <cell-element>
# type: cell
# rows: 0
# columns: 0
# name: <cell-element>
# type: cell
# rows: 0
# columns: 0
# name: <cell-element>
# type: cell
# rows: 0
# columns: 0
# name: <cell-element>
# type: cell
# rows: 0
# columns: 0
# name: <cell-element>
# type: cell
# rows: 0
# columns: 0
# name: <cell-element>
# type: cell
# rows: 0
# columns: 0
# name: <cell-element>
# type: cell
# rows: 0
# columns: 0
# name: <cell-element>
# type: cell
# rows: 0
# columns: 0
# name: <cell-element>
# type: cell
# rows: 0
# columns: 0

# name: <cell-element>
# type: cell
# rows: 0
# columns: 0
# name: <cell-element>
# type: cell
# rows: 0
# columns: 0
# name: <cell-element>
# type: cell
# rows: 0
# columns: 0
# name: <cell-element>
# type: cell
# rows: 21
# columns: 3
# name: <cell-element>
# type: string
# elements: 1
# length: 8
cols_ini
# name: <cell-element>
# type: string
# elements: 1
# length: 6
strp#1
# name: <cell-element>
# type: string
# elements: 1
# length: 6
strp#2
