# Created by Octave 2.1.69, Wed May 11 16:10:06 2005 CEST <javier@hypercat02.atc.ugr.es>
# name: instr
# type: cell
# rows: 12
# columns: 3
# name: <cell-element>
# type: string
# elements: 1
# length: 16
WaveStrip_argchk
# name: <cell-element>
# type: string
# elements: 1
# length: 5
ldimg
# name: <cell-element>
# type: string
# elements: 1
# length: 5
lboot
# name: <cell-element>
# type: string
# elements: 1
# length: 5
spawn
# name: <cell-element>
# type: string
# elements: 1
# length: 5
ncmds
# name: <cell-element>
# type: string
# elements: 1
# length: 5
loop1
# name: <cell-element>
# type: string
# elements: 1
# length: 10
WSdwt2TBag
# name: <cell-element>
# type: string
# elements: 1
# length: 1
-
# name: <cell-element>
# type: string
# elements: 1
# length: 11
WSidwt2TBag
# name: <cell-element>
# type: string
# elements: 1
# length: 1
-
# name: <cell-element>
# type: string
# elements: 1
# length: 5
clean
# name: <cell-element>
# type: string
# elements: 1
# length: 6
TOTAL:

# name: <cell-element>
# type: scalar
0.00487399101257324
# name: <cell-element>
# type: scalar
0.0272519588470459
# name: <cell-element>
# type: scalar
0.211007118225098
# name: <cell-element>
# type: scalar
0.338147878646851
# name: <cell-element>
# type: scalar
0.0268170833587646
# name: <cell-element>
# type: scalar
0.0379159450531006
# name: <cell-element>
# type: scalar
3.32432198524475
# name: <cell-element>
# type: scalar
0.0413680076599121
# name: <cell-element>
# type: scalar
3.2623450756073
# name: <cell-element>
# type: scalar
0.00106096267700195
# name: <cell-element>
# type: scalar
0.038909912109375
# name: <cell-element>
# type: scalar
7.31401991844177

# name: <cell-element>
# type: cell
# rows: 0
# columns: 0
# name: <cell-element>
# type: cell
# rows: 0
# columns: 0
# name: <cell-element>
# type: cell
# rows: 0
# columns: 0
# name: <cell-element>
# type: cell
# rows: 0
# columns: 0
# name: <cell-element>
# type: cell
# rows: 0
# columns: 0
# name: <cell-element>
# type: cell
# rows: 0
# columns: 0
# name: <cell-element>
# type: cell
# rows: 11
# columns: 3
# name: <cell-element>
# type: string
# elements: 1
# length: 14
WSdwt2TBag_ini
# name: <cell-element>
# type: string
# elements: 1
# length: 4
rows
# name: <cell-element>
# type: string
# elements: 1
# length: 1
-
# name: <cell-element>
# type: string
# elements: 1
# length: 5
probe
# name: <cell-element>
# type: string
# elements: 1
# length: 1
.
# name: <cell-element>
# type: string
# elements: 1
# length: 4
cols
# name: <cell-element>
# type: string
# elements: 1
# length: 1
-
# name: <cell-element>
# type: string
# elements: 1
# length: 5
probe
# name: <cell-element>
# type: string
# elements: 1
# length: 1
.
# name: <cell-element>
# type: string
# elements: 1
# length: 5
reorg
# name: <cell-element>
# type: string
# elements: 1
# length: 6
TOTAL:

# name: <cell-element>
# type: scalar
0.000791072845458984
# name: <cell-element>
# type: scalar
1.6401469707489
# name: <cell-element>
# type: scalar
0.000128984451293945
# name: <cell-element>
# type: scalar
0.0257680416107178
# name: <cell-element>
# type: scalar
0.000609874725341797
# name: <cell-element>
# type: scalar
1.62633109092712
# name: <cell-element>
# type: scalar
0.000153064727783203
# name: <cell-element>
# type: scalar
0.0114648342132568
# name: <cell-element>
# type: scalar
0.00011897087097168
# name: <cell-element>
# type: scalar
0.0188090801239014
# name: <cell-element>
# type: scalar
3.32432198524475

# name: <cell-element>
# type: cell
# rows: 0
# columns: 0
# name: <cell-element>
# type: cell
# rows: 6
# columns: 3
# name: <cell-element>
# type: string
# elements: 1
# length: 8
rows_ini
# name: <cell-element>
# type: string
# elements: 1
# length: 6
strp#1
# name: <cell-element>
# type: string
# elements: 1
# length: 5
alloc
# name: <cell-element>
# type: string
# elements: 1
# length: 2
r1
# name: <cell-element>
# type: string
# elements: 1
# length: 2
cp
# name: <cell-element>
# type: string
# elements: 1
# length: 6
TOTAL:

# name: <cell-element>
# type: scalar
0.100183963775635
# name: <cell-element>
# type: scalar
0.094282865524292
# name: <cell-element>
# type: scalar
0.063474178314209
# name: <cell-element>
# type: scalar
1.30912685394287
# name: <cell-element>
# type: scalar
0.0730791091918945
# name: <cell-element>
# type: scalar
1.6401469707489

# name: <cell-element>
# type: cell
# rows: 0
# columns: 0
# name: <cell-element>
# type: cell
# rows: 0
# columns: 0
# name: <cell-element>
# type: cell
# rows: 0
# columns: 0
# name: <cell-element>
# type: cell
# rows: 0
# columns: 0
# name: <cell-element>
# type: cell
# rows: 0
# columns: 0
# name: <cell-element>
# type: cell
# rows: 0
# columns: 0

# name: <cell-element>
# type: cell
# rows: 0
# columns: 0
# name: <cell-element>
# type: cell
# rows: 0
# columns: 0
# name: <cell-element>
# type: cell
# rows: 0
# columns: 0
# name: <cell-element>
# type: cell
# rows: 6
# columns: 3
# name: <cell-element>
# type: string
# elements: 1
# length: 8
cols_ini
# name: <cell-element>
# type: string
# elements: 1
# length: 6
strp#1
# name: <cell-element>
# type: string
# elements: 1
# length: 5
alloc
# name: <cell-element>
# type: string
# elements: 1
# length: 2
r1
# name: <cell-element>
# type: string
# elements: 1
# length: 2
cp
# name: <cell-element>
# type: string
# elements: 1
# length: 6
TOTAL:

# name: <cell-element>
# type: scalar
0.031980037689209
# name: <cell-element>
# type: scalar
0.264210939407349
# name: <cell-element>
# type: scalar
0.0170621871948242
# name: <cell-element>
# type: scalar
1.28711080551147
# name: <cell-element>
# type: scalar
0.0259671211242676
# name: <cell-element>
# type: scalar
1.62633109092712

# name: <cell-element>
# type: cell
# rows: 0
# columns: 0
# name: <cell-element>
# type: cell
# rows: 0
# columns: 0
# name: <cell-element>
# type: cell
# rows: 0
# columns: 0
# name: <cell-element>
# type: cell
# rows: 0
# columns: 0
# name: <cell-element>
# type: cell
# rows: 0
# columns: 0
# name: <cell-element>
# type: cell
# rows: 0
# columns: 0

# name: <cell-element>
# type: cell
# rows: 0
# columns: 0
# name: <cell-element>
# type: cell
# rows: 0
# columns: 0
# name: <cell-element>
# type: cell
# rows: 0
# columns: 0
# name: <cell-element>
# type: cell
# rows: 0
# columns: 0
# name: <cell-element>
# type: cell
# rows: 0
# columns: 0

# name: <cell-element>
# type: cell
# rows: 0
# columns: 0
# name: <cell-element>
# type: cell
# rows: 10
# columns: 3
# name: <cell-element>
# type: string
# elements: 1
# length: 15
WSidwt2TBag_ini
# name: <cell-element>
# type: string
# elements: 1
# length: 4
cols
# name: <cell-element>
# type: string
# elements: 1
# length: 1
-
# name: <cell-element>
# type: string
# elements: 1
# length: 5
probe
# name: <cell-element>
# type: string
# elements: 1
# length: 1
.
# name: <cell-element>
# type: string
# elements: 1
# length: 4
rows
# name: <cell-element>
# type: string
# elements: 1
# length: 1
-
# name: <cell-element>
# type: string
# elements: 1
# length: 5
probe
# name: <cell-element>
# type: string
# elements: 1
# length: 1
.
# name: <cell-element>
# type: string
# elements: 1
# length: 6
TOTAL:

# name: <cell-element>
# type: scalar
0.061913013458252
# name: <cell-element>
# type: scalar
1.68523192405701
# name: <cell-element>
# type: scalar
0.000127077102661133
# name: <cell-element>
# type: scalar
0.0112850666046143
# name: <cell-element>
# type: scalar
0.000550031661987305
# name: <cell-element>
# type: scalar
1.50267577171326
# name: <cell-element>
# type: scalar
0.000143051147460938
# name: <cell-element>
# type: scalar
0.00032496452331543
# name: <cell-element>
# type: scalar
9.41753387451172e-05
# name: <cell-element>
# type: scalar
3.2623450756073

# name: <cell-element>
# type: cell
# rows: 0
# columns: 0
# name: <cell-element>
# type: cell
# rows: 6
# columns: 3
# name: <cell-element>
# type: string
# elements: 1
# length: 8
cols_ini
