# Created by Octave 2.1.69, Wed May 11 16:07:03 2005 CEST <javier@hypercat02.atc.ugr.es>
# name: instr
# type: cell
# rows: 12
# columns: 3
# name: <cell-element>
# type: string
# elements: 1
# length: 15
WaveLine_argchk
# name: <cell-element>
# type: string
# elements: 1
# length: 5
ldimg
# name: <cell-element>
# type: string
# elements: 1
# length: 5
lboot
# name: <cell-element>
# type: string
# elements: 1
# length: 5
spawn
# name: <cell-element>
# type: string
# elements: 1
# length: 5
ncmds
# name: <cell-element>
# type: string
# elements: 1
# length: 5
loop1
# name: <cell-element>
# type: string
# elements: 1
# length: 10
WLdwt2TBag
# name: <cell-element>
# type: string
# elements: 1
# length: 1
-
# name: <cell-element>
# type: string
# elements: 1
# length: 11
WLidwt2TBag
# name: <cell-element>
# type: string
# elements: 1
# length: 1
-
# name: <cell-element>
# type: string
# elements: 1
# length: 5
clean
# name: <cell-element>
# type: string
# elements: 1
# length: 6
TOTAL:

# name: <cell-element>
# type: scalar
0.000813961029052734
# name: <cell-element>
# type: scalar
0.0140941143035889
# name: <cell-element>
# type: scalar
0.154232978820801
# name: <cell-element>
# type: scalar
0.351244926452637
# name: <cell-element>
# type: scalar
0.0156030654907227
# name: <cell-element>
# type: scalar
0.00117611885070801
# name: <cell-element>
# type: scalar
16.7976298332214
# name: <cell-element>
# type: scalar
0.00249409675598145
# name: <cell-element>
# type: scalar
16.7462289333344
# name: <cell-element>
# type: scalar
0.000731945037841797
# name: <cell-element>
# type: scalar
0.0347030162811279
# name: <cell-element>
# type: scalar
34.1189529895782

# name: <cell-element>
# type: cell
# rows: 0
# columns: 0
# name: <cell-element>
# type: cell
# rows: 0
# columns: 0
# name: <cell-element>
# type: cell
# rows: 0
# columns: 0
# name: <cell-element>
# type: cell
# rows: 0
# columns: 0
# name: <cell-element>
# type: cell
# rows: 0
# columns: 0
# name: <cell-element>
# type: cell
# rows: 0
# columns: 0
# name: <cell-element>
# type: cell
# rows: 9
# columns: 3
# name: <cell-element>
# type: string
# elements: 1
# length: 14
WLdwt2TBag_ini
# name: <cell-element>
# type: string
# elements: 1
# length: 4
rows
# name: <cell-element>
# type: string
# elements: 1
# length: 1
-
# name: <cell-element>
# type: string
# elements: 1
# length: 5
probe
# name: <cell-element>
# type: string
# elements: 1
# length: 4
cols
# name: <cell-element>
# type: string
# elements: 1
# length: 1
-
# name: <cell-element>
# type: string
# elements: 1
# length: 5
probe
# name: <cell-element>
# type: string
# elements: 1
# length: 5
reorg
# name: <cell-element>
# type: string
# elements: 1
# length: 6
TOTAL:

# name: <cell-element>
# type: scalar
0.000563859939575195
# name: <cell-element>
# type: scalar
8.49240899085999
# name: <cell-element>
# type: scalar
0.000117063522338867
# name: <cell-element>
# type: scalar
0.0187420845031738
# name: <cell-element>
# type: scalar
8.25909495353699
# name: <cell-element>
# type: scalar
0.000116825103759766
# name: <cell-element>
# type: scalar
0.00753903388977051
# name: <cell-element>
# type: scalar
0.0190470218658447
# name: <cell-element>
# type: scalar
16.7976298332214

# name: <cell-element>
# type: cell
# rows: 0
# columns: 0
# name: <cell-element>
# type: cell
# rows: 14
# columns: 3
# name: <cell-element>
# type: string
# elements: 1
# length: 8
rows_ini
# name: <cell-element>
# type: string
# elements: 1
# length: 4
100r
# name: <cell-element>
# type: string
# elements: 1
# length: 4
100r
# name: <cell-element>
# type: string
# elements: 1
# length: 4
100r
# name: <cell-element>
# type: string
# elements: 1
# length: 4
100r
# name: <cell-element>
# type: string
# elements: 1
# length: 4
100r
# name: <cell-element>
# type: string
# elements: 1
# length: 3
12r
# name: <cell-element>
# type: string
# elements: 1
# length: 1
.
# name: <cell-element>
# type: string
# elements: 1
# length: 1
.
# name: <cell-element>
# type: string
# elements: 1
# length: 1
.
# name: <cell-element>
# type: string
# elements: 1
# length: 1
.
# name: <cell-element>
# type: string
# elements: 1
# length: 1
.
# name: <cell-element>
# type: string
# elements: 1
# length: 1
.
# name: <cell-element>
# type: string
# elements: 1
# length: 6
TOTAL:

# name: <cell-element>
# type: scalar
0.0418820381164551
# name: <cell-element>
# type: scalar
1.62265992164612
# name: <cell-element>
# type: scalar
1.63409495353699
# name: <cell-element>
# type: scalar
1.63284301757812
# name: <cell-element>
# type: scalar
1.63397002220154
# name: <cell-element>
# type: scalar
1.63615107536316
# name: <cell-element>
# type: scalar
0.196338891983032
# name: <cell-element>
# type: scalar
0.0159010887145996
# name: <cell-element>
# type: scalar
0.015700101852417
# name: <cell-element>
# type: scalar
0.0156669616699219
# name: <cell-element>
# type: scalar
0.0158798694610596
# name: <cell-element>
# type: scalar
0.0156021118164062
# name: <cell-element>
# type: scalar
0.015718936920166
# name: <cell-element>
# type: scalar
8.49240899085999

# name: <cell-element>
# type: cell
# rows: 0
# columns: 0
# name: <cell-element>
# type: cell
# rows: 0
# columns: 0
# name: <cell-element>
# type: cell
# rows: 0
# columns: 0
# name: <cell-element>
# type: cell
# rows: 0
# columns: 0
# name: <cell-element>
# type: cell
# rows: 0
# columns: 0
# name: <cell-element>
# type: cell
# rows: 0
# columns: 0
# name: <cell-element>
# type: cell
# rows: 0
# columns: 0
# name: <cell-element>
# type: cell
# rows: 0
# columns: 0
# name: <cell-element>
# type: cell
# rows: 0
# columns: 0
# name: <cell-element>
# type: cell
# rows: 0
# columns: 0
# name: <cell-element>
# type: cell
# rows: 0
# columns: 0
# name: <cell-element>
# type: cell
# rows: 0
# columns: 0
# name: <cell-element>
# type: cell
# rows: 0
# columns: 0
# name: <cell-element>
# type: cell
# rows: 0
# columns: 0

# name: <cell-element>
# type: cell
# rows: 0
# columns: 0
# name: <cell-element>
# type: cell
# rows: 0
# columns: 0
# name: <cell-element>
# type: cell
# rows: 14
# columns: 3
# name: <cell-element>
# type: string
# elements: 1
# length: 8
cols_ini
# name: <cell-element>
# type: string
# elements: 1
# length: 4
100c
# name: <cell-element>
# type: string
# elements: 1
# length: 4
100c
# name: <cell-element>
# type: string
# elements: 1
# length: 4
100c
# name: <cell-element>
# type: string
# elements: 1
# length: 4
100c
# name: <cell-element>
# type: string
# elements: 1
# length: 4
100c
# name: <cell-element>
# type: string
# elements: 1
# length: 3
12c
# name: <cell-element>
# type: string
# elements: 1
# length: 1
.
# name: <cell-element>
# type: string
# elements: 1
# length: 1
.
# name: <cell-element>
# type: string
# elements: 1
# length: 1
.
# name: <cell-element>
# type: string
# elements: 1
# length: 1
.
# name: <cell-element>
# type: string
# elements: 1
# length: 1
.
# name: <cell-element>
# type: string
# elements: 1
# length: 1
.
# name: <cell-element>
# type: string
# elements: 1
# length: 6
TOTAL:

# name: <cell-element>
# type: scalar
0.0371239185333252
# name: <cell-element>
# type: scalar
1.58135485649109
# name: <cell-element>
# type: scalar
1.59500813484192
# name: <cell-element>
# type: scalar
1.58609390258789
# name: <cell-element>
# type: scalar
1.58656215667725
# name: <cell-element>
# type: scalar
1.58975696563721
# name: <cell-element>
# type: scalar
0.190371990203857
# name: <cell-element>
# type: scalar
0.0155680179595947
# name: <cell-element>
# type: scalar
0.015394926071167
# name: <cell-element>
# type: scalar
0.0155060291290283
# name: <cell-element>
# type: scalar
0.0154869556427002
# name: <cell-element>
# type: scalar
0.0155339241027832
# name: <cell-element>
# type: scalar
0.0153331756591797
# name: <cell-element>
# type: scalar
8.25909495353699

# name: <cell-element>
# type: cell
# rows: 0
# columns: 0
# name: <cell-element>
# type: cell
# rows: 0
# columns: 0
