# Created by Octave 2.1.69, Wed May 11 16:03:39 2005 CEST <javier@hypercat02.atc.ugr.es>
# name: instr
# type: cell
# rows: 12
# columns: 3
# name: <cell-element>
# type: string
# elements: 1
# length: 15
WaveLine_argchk
# name: <cell-element>
# type: string
# elements: 1
# length: 5
ldimg
# name: <cell-element>
# type: string
# elements: 1
# length: 5
lboot
# name: <cell-element>
# type: string
# elements: 1
# length: 5
spawn
# name: <cell-element>
# type: string
# elements: 1
# length: 5
ncmds
# name: <cell-element>
# type: string
# elements: 1
# length: 5
loop1
# name: <cell-element>
# type: string
# elements: 1
# length: 10
WLdwt2TBag
# name: <cell-element>
# type: string
# elements: 1
# length: 1
-
# name: <cell-element>
# type: string
# elements: 1
# length: 11
WLidwt2TBag
# name: <cell-element>
# type: string
# elements: 1
# length: 1
-
# name: <cell-element>
# type: string
# elements: 1
# length: 5
clean
# name: <cell-element>
# type: string
# elements: 1
# length: 6
TOTAL:

# name: <cell-element>
# type: scalar
0.000828981399536133
# name: <cell-element>
# type: scalar
0.0147240161895752
# name: <cell-element>
# type: scalar
0.156896829605103
# name: <cell-element>
# type: scalar
0.359597206115723
# name: <cell-element>
# type: scalar
0.0156970024108887
# name: <cell-element>
# type: scalar
0.00116300582885742
# name: <cell-element>
# type: scalar
16.677337884903
# name: <cell-element>
# type: scalar
0.00237011909484863
# name: <cell-element>
# type: scalar
16.3589129447937
# name: <cell-element>
# type: scalar
0.000746011734008789
# name: <cell-element>
# type: scalar
0.0570919513702393
# name: <cell-element>
# type: scalar
33.6453659534454

# name: <cell-element>
# type: cell
# rows: 0
# columns: 0
# name: <cell-element>
# type: cell
# rows: 0
# columns: 0
# name: <cell-element>
# type: cell
# rows: 0
# columns: 0
# name: <cell-element>
# type: cell
# rows: 0
# columns: 0
# name: <cell-element>
# type: cell
# rows: 0
# columns: 0
# name: <cell-element>
# type: cell
# rows: 0
# columns: 0
# name: <cell-element>
# type: cell
# rows: 9
# columns: 3
# name: <cell-element>
# type: string
# elements: 1
# length: 14
WLdwt2TBag_ini
# name: <cell-element>
# type: string
# elements: 1
# length: 4
rows
# name: <cell-element>
# type: string
# elements: 1
# length: 1
-
# name: <cell-element>
# type: string
# elements: 1
# length: 5
probe
# name: <cell-element>
# type: string
# elements: 1
# length: 4
cols
# name: <cell-element>
# type: string
# elements: 1
# length: 1
-
# name: <cell-element>
# type: string
# elements: 1
# length: 5
probe
# name: <cell-element>
# type: string
# elements: 1
# length: 5
reorg
# name: <cell-element>
# type: string
# elements: 1
# length: 6
TOTAL:

# name: <cell-element>
# type: scalar
0.00055384635925293
# name: <cell-element>
# type: scalar
8.47006011009216
# name: <cell-element>
# type: scalar
0.000138044357299805
# name: <cell-element>
# type: scalar
0.0188570022583008
# name: <cell-element>
# type: scalar
8.16014099121094
# name: <cell-element>
# type: scalar
0.000115871429443359
# name: <cell-element>
# type: scalar
0.00813508033752441
# name: <cell-element>
# type: scalar
0.0193369388580322
# name: <cell-element>
# type: scalar
16.677337884903

# name: <cell-element>
# type: cell
# rows: 0
# columns: 0
# name: <cell-element>
# type: cell
# rows: 14
# columns: 3
# name: <cell-element>
# type: string
# elements: 1
# length: 8
rows_ini
# name: <cell-element>
# type: string
# elements: 1
# length: 4
100r
# name: <cell-element>
# type: string
# elements: 1
# length: 4
100r
# name: <cell-element>
# type: string
# elements: 1
# length: 4
100r
# name: <cell-element>
# type: string
# elements: 1
# length: 4
100r
# name: <cell-element>
# type: string
# elements: 1
# length: 4
100r
# name: <cell-element>
# type: string
# elements: 1
# length: 3
12r
# name: <cell-element>
# type: string
# elements: 1
# length: 1
.
# name: <cell-element>
# type: string
# elements: 1
# length: 1
.
# name: <cell-element>
# type: string
# elements: 1
# length: 1
.
# name: <cell-element>
# type: string
# elements: 1
# length: 1
.
# name: <cell-element>
# type: string
# elements: 1
# length: 1
.
# name: <cell-element>
# type: string
# elements: 1
# length: 1
.
# name: <cell-element>
# type: string
# elements: 1
# length: 6
TOTAL:

# name: <cell-element>
# type: scalar
0.0425519943237305
# name: <cell-element>
# type: scalar
1.61878895759583
# name: <cell-element>
# type: scalar
1.61804008483887
# name: <cell-element>
# type: scalar
1.625412940979
# name: <cell-element>
# type: scalar
1.63337802886963
# name: <cell-element>
# type: scalar
1.64063310623169
# name: <cell-element>
# type: scalar
0.196545839309692
# name: <cell-element>
# type: scalar
0.0158741474151611
# name: <cell-element>
# type: scalar
0.0157139301300049
# name: <cell-element>
# type: scalar
0.0157289505004883
# name: <cell-element>
# type: scalar
0.0159051418304443
# name: <cell-element>
# type: scalar
0.0157248973846436
# name: <cell-element>
# type: scalar
0.0157620906829834
# name: <cell-element>
# type: scalar
8.47006011009216

# name: <cell-element>
# type: cell
# rows: 0
# columns: 0
# name: <cell-element>
# type: cell
# rows: 0
# columns: 0
# name: <cell-element>
# type: cell
# rows: 0
# columns: 0
# name: <cell-element>
# type: cell
# rows: 0
# columns: 0
# name: <cell-element>
# type: cell
# rows: 0
# columns: 0
# name: <cell-element>
# type: cell
# rows: 0
# columns: 0
# name: <cell-element>
# type: cell
# rows: 0
# columns: 0
# name: <cell-element>
# type: cell
# rows: 0
# columns: 0
# name: <cell-element>
# type: cell
# rows: 0
# columns: 0
# name: <cell-element>
# type: cell
# rows: 0
# columns: 0
# name: <cell-element>
# type: cell
# rows: 0
# columns: 0
# name: <cell-element>
# type: cell
# rows: 0
# columns: 0
# name: <cell-element>
# type: cell
# rows: 0
# columns: 0
# name: <cell-element>
# type: cell
# rows: 0
# columns: 0

# name: <cell-element>
# type: cell
# rows: 0
# columns: 0
# name: <cell-element>
# type: cell
# rows: 0
# columns: 0
# name: <cell-element>
# type: cell
# rows: 14
# columns: 3
# name: <cell-element>
# type: string
# elements: 1
# length: 8
cols_ini
# name: <cell-element>
# type: string
# elements: 1
# length: 4
100c
# name: <cell-element>
# type: string
# elements: 1
# length: 4
100c
# name: <cell-element>
# type: string
# elements: 1
# length: 4
100c
# name: <cell-element>
# type: string
# elements: 1
# length: 4
100c
# name: <cell-element>
# type: string
# elements: 1
# length: 4
100c
# name: <cell-element>
# type: string
# elements: 1
# length: 3
12c
# name: <cell-element>
# type: string
# elements: 1
# length: 1
.
# name: <cell-element>
# type: string
# elements: 1
# length: 1
.
# name: <cell-element>
# type: string
# elements: 1
# length: 1
.
# name: <cell-element>
# type: string
# elements: 1
# length: 1
.
# name: <cell-element>
# type: string
# elements: 1
# length: 1
.
# name: <cell-element>
# type: string
# elements: 1
# length: 1
.
# name: <cell-element>
# type: string
# elements: 1
# length: 6
TOTAL:

# name: <cell-element>
# type: scalar
0.0379319190979004
# name: <cell-element>
# type: scalar
1.58962392807007
# name: <cell-element>
# type: scalar
1.5532910823822
# name: <cell-element>
# type: scalar
1.54840087890625
# name: <cell-element>
# type: scalar
1.55516505241394
# name: <cell-element>
# type: scalar
1.59485602378845
# name: <cell-element>
# type: scalar
0.188829898834229
# name: <cell-element>
# type: scalar
0.015254020690918
# name: <cell-element>
# type: scalar
0.0151751041412354
# name: <cell-element>
# type: scalar
0.0153639316558838
# name: <cell-element>
# type: scalar
0.0153281688690186
# name: <cell-element>
# type: scalar
0.0155599117279053
# name: <cell-element>
# type: scalar
0.0153610706329346
# name: <cell-element>
# type: scalar
8.16014099121094

# name: <cell-element>
# type: cell
# rows: 0
# columns: 0
# name: <cell-element>
# type: cell
# rows: 0
# columns: 0
