# Created by Octave 2.1.69, Wed May 11 16:06:29 2005 CEST <javier@hypercat02.atc.ugr.es>
# name: instr
# type: cell
# rows: 12
# columns: 3
# name: <cell-element>
# type: string
# elements: 1
# length: 15
WaveLine_argchk
# name: <cell-element>
# type: string
# elements: 1
# length: 5
ldimg
# name: <cell-element>
# type: string
# elements: 1
# length: 5
lboot
# name: <cell-element>
# type: string
# elements: 1
# length: 5
spawn
# name: <cell-element>
# type: string
# elements: 1
# length: 5
ncmds
# name: <cell-element>
# type: string
# elements: 1
# length: 5
loop1
# name: <cell-element>
# type: string
# elements: 1
# length: 10
WLdwt2TBag
# name: <cell-element>
# type: string
# elements: 1
# length: 1
-
# name: <cell-element>
# type: string
# elements: 1
# length: 11
WLidwt2TBag
# name: <cell-element>
# type: string
# elements: 1
# length: 1
-
# name: <cell-element>
# type: string
# elements: 1
# length: 5
clean
# name: <cell-element>
# type: string
# elements: 1
# length: 6
TOTAL:

# name: <cell-element>
# type: scalar
0.000818014144897461
# name: <cell-element>
# type: scalar
0.0141949653625488
# name: <cell-element>
# type: scalar
0.151143074035645
# name: <cell-element>
# type: scalar
0.339756965637207
# name: <cell-element>
# type: scalar
0.0148251056671143
# name: <cell-element>
# type: scalar
0.000676870346069336
# name: <cell-element>
# type: scalar
16.6309361457825
# name: <cell-element>
# type: scalar
0.00187993049621582
# name: <cell-element>
# type: scalar
16.5144209861755
# name: <cell-element>
# type: scalar
0.000741958618164062
# name: <cell-element>
# type: scalar
0.0355589389801025
# name: <cell-element>
# type: scalar
33.704952955246

# name: <cell-element>
# type: cell
# rows: 0
# columns: 0
# name: <cell-element>
# type: cell
# rows: 0
# columns: 0
# name: <cell-element>
# type: cell
# rows: 0
# columns: 0
# name: <cell-element>
# type: cell
# rows: 0
# columns: 0
# name: <cell-element>
# type: cell
# rows: 0
# columns: 0
# name: <cell-element>
# type: cell
# rows: 0
# columns: 0
# name: <cell-element>
# type: cell
# rows: 9
# columns: 3
# name: <cell-element>
# type: string
# elements: 1
# length: 14
WLdwt2TBag_ini
# name: <cell-element>
# type: string
# elements: 1
# length: 4
rows
# name: <cell-element>
# type: string
# elements: 1
# length: 1
-
# name: <cell-element>
# type: string
# elements: 1
# length: 5
probe
# name: <cell-element>
# type: string
# elements: 1
# length: 4
cols
# name: <cell-element>
# type: string
# elements: 1
# length: 1
-
# name: <cell-element>
# type: string
# elements: 1
# length: 5
probe
# name: <cell-element>
# type: string
# elements: 1
# length: 5
reorg
# name: <cell-element>
# type: string
# elements: 1
# length: 6
TOTAL:

# name: <cell-element>
# type: scalar
0.000796079635620117
# name: <cell-element>
# type: scalar
8.39142107963562
# name: <cell-element>
# type: scalar
0.000113964080810547
# name: <cell-element>
# type: scalar
0.018455982208252
# name: <cell-element>
# type: scalar
8.19333600997925
# name: <cell-element>
# type: scalar
0.000113964080810547
# name: <cell-element>
# type: scalar
0.00769495964050293
# name: <cell-element>
# type: scalar
0.0190041065216064
# name: <cell-element>
# type: scalar
16.6309361457825

# name: <cell-element>
# type: cell
# rows: 0
# columns: 0
# name: <cell-element>
# type: cell
# rows: 13
# columns: 3
# name: <cell-element>
# type: string
# elements: 1
# length: 8
rows_ini
# name: <cell-element>
# type: string
# elements: 1
# length: 4
100r
# name: <cell-element>
# type: string
# elements: 1
# length: 4
100r
# name: <cell-element>
# type: string
# elements: 1
# length: 4
100r
# name: <cell-element>
# type: string
# elements: 1
# length: 4
100r
# name: <cell-element>
# type: string
# elements: 1
# length: 4
100r
# name: <cell-element>
# type: string
# elements: 1
# length: 3
12r
# name: <cell-element>
# type: string
# elements: 1
# length: 1
.
# name: <cell-element>
# type: string
# elements: 1
# length: 1
.
# name: <cell-element>
# type: string
# elements: 1
# length: 1
.
# name: <cell-element>
# type: string
# elements: 1
# length: 1
.
# name: <cell-element>
# type: string
# elements: 1
# length: 1
.
# name: <cell-element>
# type: string
# elements: 1
# length: 6
TOTAL:

# name: <cell-element>
# type: scalar
0.0420780181884766
# name: <cell-element>
# type: scalar
1.61122894287109
# name: <cell-element>
# type: scalar
1.60449004173279
# name: <cell-element>
# type: scalar
1.60122489929199
# name: <cell-element>
# type: scalar
1.6275041103363
# name: <cell-element>
# type: scalar
1.63155794143677
# name: <cell-element>
# type: scalar
0.194433927536011
# name: <cell-element>
# type: scalar
0.016139030456543
# name: <cell-element>
# type: scalar
0.0156309604644775
# name: <cell-element>
# type: scalar
0.0156869888305664
# name: <cell-element>
# type: scalar
0.0156350135803223
# name: <cell-element>
# type: scalar
0.0158112049102783
# name: <cell-element>
# type: scalar
8.39142107963562

# name: <cell-element>
# type: cell
# rows: 0
# columns: 0
# name: <cell-element>
# type: cell
# rows: 0
# columns: 0
# name: <cell-element>
# type: cell
# rows: 0
# columns: 0
# name: <cell-element>
# type: cell
# rows: 0
# columns: 0
# name: <cell-element>
# type: cell
# rows: 0
# columns: 0
# name: <cell-element>
# type: cell
# rows: 0
# columns: 0
# name: <cell-element>
# type: cell
# rows: 0
# columns: 0
# name: <cell-element>
# type: cell
# rows: 0
# columns: 0
# name: <cell-element>
# type: cell
# rows: 0
# columns: 0
# name: <cell-element>
# type: cell
# rows: 0
# columns: 0
# name: <cell-element>
# type: cell
# rows: 0
# columns: 0
# name: <cell-element>
# type: cell
# rows: 0
# columns: 0
# name: <cell-element>
# type: cell
# rows: 0
# columns: 0

# name: <cell-element>
# type: cell
# rows: 0
# columns: 0
# name: <cell-element>
# type: cell
# rows: 0
# columns: 0
# name: <cell-element>
# type: cell
# rows: 13
# columns: 3
# name: <cell-element>
# type: string
# elements: 1
# length: 8
cols_ini
# name: <cell-element>
# type: string
# elements: 1
# length: 4
100c
# name: <cell-element>
# type: string
# elements: 1
# length: 4
100c
# name: <cell-element>
# type: string
# elements: 1
# length: 4
100c
# name: <cell-element>
# type: string
# elements: 1
# length: 4
100c
# name: <cell-element>
# type: string
# elements: 1
# length: 4
100c
# name: <cell-element>
# type: string
# elements: 1
# length: 3
12c
# name: <cell-element>
# type: string
# elements: 1
# length: 1
.
# name: <cell-element>
# type: string
# elements: 1
# length: 1
.
# name: <cell-element>
# type: string
# elements: 1
# length: 1
.
# name: <cell-element>
# type: string
# elements: 1
# length: 1
.
# name: <cell-element>
# type: string
# elements: 1
# length: 1
.
# name: <cell-element>
# type: string
# elements: 1
# length: 6
TOTAL:

# name: <cell-element>
# type: scalar
0.0363309383392334
# name: <cell-element>
# type: scalar
1.57588005065918
# name: <cell-element>
# type: scalar
1.58367204666138
# name: <cell-element>
# type: scalar
1.58218193054199
# name: <cell-element>
# type: scalar
1.58502602577209
# name: <cell-element>
# type: scalar
1.56607699394226
# name: <cell-element>
# type: scalar
0.188058853149414
# name: <cell-element>
# type: scalar
0.0152111053466797
# name: <cell-element>
# type: scalar
0.015172004699707
# name: <cell-element>
# type: scalar
0.0151369571685791
# name: <cell-element>
# type: scalar
0.0154199600219727
# name: <cell-element>
# type: scalar
0.0151691436767578
# name: <cell-element>
# type: scalar
8.19333600997925

# name: <cell-element>
# type: cell
# rows: 0
# columns: 0
# name: <cell-element>
# type: cell
# rows: 0
# columns: 0
# name: <cell-element>
# type: cell
# rows: 0
# columns: 0
# name: <cell-element>
# type: cell
# rows: 0
# columns: 0
# name: <cell-element>
# type: cell
# rows: 0
# columns: 0
# name: <cell-element>
# type: cell
# rows: 0
# columns: 0
# name: <cell-element>
# type: cell
# rows: 0
# columns: 0
