# Created by Octave 2.1.69, Wed May 11 16:00:13 2005 CEST <javier@hypercat02.atc.ugr.es>
# name: instr
# type: cell
# rows: 12
# columns: 3
# name: <cell-element>
# type: string
# elements: 1
# length: 15
WaveLine_argchk
# name: <cell-element>
# type: string
# elements: 1
# length: 5
ldimg
# name: <cell-element>
# type: string
# elements: 1
# length: 5
lboot
# name: <cell-element>
# type: string
# elements: 1
# length: 5
spawn
# name: <cell-element>
# type: string
# elements: 1
# length: 5
ncmds
# name: <cell-element>
# type: string
# elements: 1
# length: 5
loop1
# name: <cell-element>
# type: string
# elements: 1
# length: 10
WLdwt2TBag
# name: <cell-element>
# type: string
# elements: 1
# length: 1
-
# name: <cell-element>
# type: string
# elements: 1
# length: 11
WLidwt2TBag
# name: <cell-element>
# type: string
# elements: 1
# length: 1
-
# name: <cell-element>
# type: string
# elements: 1
# length: 5
clean
# name: <cell-element>
# type: string
# elements: 1
# length: 6
TOTAL:

# name: <cell-element>
# type: scalar
0.000731945037841797
# name: <cell-element>
# type: scalar
0.0142471790313721
# name: <cell-element>
# type: scalar
0.156288862228394
# name: <cell-element>
# type: scalar
0.357609987258911
# name: <cell-element>
# type: scalar
0.0162250995635986
# name: <cell-element>
# type: scalar
0.0011899471282959
# name: <cell-element>
# type: scalar
16.7514839172363
# name: <cell-element>
# type: scalar
0.00255703926086426
# name: <cell-element>
# type: scalar
16.6114711761475
# name: <cell-element>
# type: scalar
0.000741004943847656
# name: <cell-element>
# type: scalar
0.0351428985595703
# name: <cell-element>
# type: scalar
33.9476890563965

# name: <cell-element>
# type: cell
# rows: 0
# columns: 0
# name: <cell-element>
# type: cell
# rows: 0
# columns: 0
# name: <cell-element>
# type: cell
# rows: 0
# columns: 0
# name: <cell-element>
# type: cell
# rows: 0
# columns: 0
# name: <cell-element>
# type: cell
# rows: 0
# columns: 0
# name: <cell-element>
# type: cell
# rows: 0
# columns: 0
# name: <cell-element>
# type: cell
# rows: 9
# columns: 3
# name: <cell-element>
# type: string
# elements: 1
# length: 14
WLdwt2TBag_ini
# name: <cell-element>
# type: string
# elements: 1
# length: 4
rows
# name: <cell-element>
# type: string
# elements: 1
# length: 1
-
# name: <cell-element>
# type: string
# elements: 1
# length: 5
probe
# name: <cell-element>
# type: string
# elements: 1
# length: 4
cols
# name: <cell-element>
# type: string
# elements: 1
# length: 1
-
# name: <cell-element>
# type: string
# elements: 1
# length: 5
probe
# name: <cell-element>
# type: string
# elements: 1
# length: 5
reorg
# name: <cell-element>
# type: string
# elements: 1
# length: 6
TOTAL:

# name: <cell-element>
# type: scalar
0.000567913055419922
# name: <cell-element>
# type: scalar
8.41021919250488
# name: <cell-element>
# type: scalar
0.000116825103759766
# name: <cell-element>
# type: scalar
0.018449068069458
# name: <cell-element>
# type: scalar
8.29525303840637
# name: <cell-element>
# type: scalar
0.000125885009765625
# name: <cell-element>
# type: scalar
0.00750899314880371
# name: <cell-element>
# type: scalar
0.0192430019378662
# name: <cell-element>
# type: scalar
16.7514839172363

# name: <cell-element>
# type: cell
# rows: 0
# columns: 0
# name: <cell-element>
# type: cell
# rows: 14
# columns: 3
# name: <cell-element>
# type: string
# elements: 1
# length: 8
rows_ini
# name: <cell-element>
# type: string
# elements: 1
# length: 4
100r
# name: <cell-element>
# type: string
# elements: 1
# length: 4
100r
# name: <cell-element>
# type: string
# elements: 1
# length: 4
100r
# name: <cell-element>
# type: string
# elements: 1
# length: 4
100r
# name: <cell-element>
# type: string
# elements: 1
# length: 4
100r
# name: <cell-element>
# type: string
# elements: 1
# length: 3
12r
# name: <cell-element>
# type: string
# elements: 1
# length: 1
.
# name: <cell-element>
# type: string
# elements: 1
# length: 1
.
# name: <cell-element>
# type: string
# elements: 1
# length: 1
.
# name: <cell-element>
# type: string
# elements: 1
# length: 1
.
# name: <cell-element>
# type: string
# elements: 1
# length: 1
.
# name: <cell-element>
# type: string
# elements: 1
# length: 1
.
# name: <cell-element>
# type: string
# elements: 1
# length: 6
TOTAL:

# name: <cell-element>
# type: scalar
0.0435950756072998
# name: <cell-element>
# type: scalar
1.6326961517334
# name: <cell-element>
# type: scalar
1.61103177070618
# name: <cell-element>
# type: scalar
1.61182117462158
# name: <cell-element>
# type: scalar
1.60916090011597
# name: <cell-element>
# type: scalar
1.61611914634705
# name: <cell-element>
# type: scalar
0.192696809768677
# name: <cell-element>
# type: scalar
0.0156540870666504
# name: <cell-element>
# type: scalar
0.0155260562896729
# name: <cell-element>
# type: scalar
0.0155379772186279
# name: <cell-element>
# type: scalar
0.0155868530273438
# name: <cell-element>
# type: scalar
0.0154561996459961
# name: <cell-element>
# type: scalar
0.0153369903564453
# name: <cell-element>
# type: scalar
8.41021919250488

# name: <cell-element>
# type: cell
# rows: 0
# columns: 0
# name: <cell-element>
# type: cell
# rows: 0
# columns: 0
# name: <cell-element>
# type: cell
# rows: 0
# columns: 0
# name: <cell-element>
# type: cell
# rows: 0
# columns: 0
# name: <cell-element>
# type: cell
# rows: 0
# columns: 0
# name: <cell-element>
# type: cell
# rows: 0
# columns: 0
# name: <cell-element>
# type: cell
# rows: 0
# columns: 0
# name: <cell-element>
# type: cell
# rows: 0
# columns: 0
# name: <cell-element>
# type: cell
# rows: 0
# columns: 0
# name: <cell-element>
# type: cell
# rows: 0
# columns: 0
# name: <cell-element>
# type: cell
# rows: 0
# columns: 0
# name: <cell-element>
# type: cell
# rows: 0
# columns: 0
# name: <cell-element>
# type: cell
# rows: 0
# columns: 0
# name: <cell-element>
# type: cell
# rows: 0
# columns: 0

# name: <cell-element>
# type: cell
# rows: 0
# columns: 0
# name: <cell-element>
# type: cell
# rows: 0
# columns: 0
# name: <cell-element>
# type: cell
# rows: 14
# columns: 3
# name: <cell-element>
# type: string
# elements: 1
# length: 8
cols_ini
# name: <cell-element>
# type: string
# elements: 1
# length: 4
100c
# name: <cell-element>
# type: string
# elements: 1
# length: 4
100c
# name: <cell-element>
# type: string
# elements: 1
# length: 4
100c
# name: <cell-element>
# type: string
# elements: 1
# length: 4
100c
# name: <cell-element>
# type: string
# elements: 1
# length: 4
100c
# name: <cell-element>
# type: string
# elements: 1
# length: 3
12c
# name: <cell-element>
# type: string
# elements: 1
# length: 1
.
# name: <cell-element>
# type: string
# elements: 1
# length: 1
.
# name: <cell-element>
# type: string
# elements: 1
# length: 1
.
# name: <cell-element>
# type: string
# elements: 1
# length: 1
.
# name: <cell-element>
# type: string
# elements: 1
# length: 1
.
# name: <cell-element>
# type: string
# elements: 1
# length: 1
.
# name: <cell-element>
# type: string
# elements: 1
# length: 6
TOTAL:

# name: <cell-element>
# type: scalar
0.0374300479888916
# name: <cell-element>
# type: scalar
1.56632399559021
# name: <cell-element>
# type: scalar
1.58942604064941
# name: <cell-element>
# type: scalar
1.60234999656677
# name: <cell-element>
# type: scalar
1.60675001144409
# name: <cell-element>
# type: scalar
1.60735893249512
# name: <cell-element>
# type: scalar
0.192636966705322
# name: <cell-element>
# type: scalar
0.0155999660491943
# name: <cell-element>
# type: scalar
0.0153660774230957
# name: <cell-element>
# type: scalar
0.0154290199279785
# name: <cell-element>
# type: scalar
0.0155649185180664
# name: <cell-element>
# type: scalar
0.0155889987945557
# name: <cell-element>
# type: scalar
0.0154280662536621
# name: <cell-element>
# type: scalar
8.29525303840637

# name: <cell-element>
# type: cell
# rows: 0
# columns: 0
# name: <cell-element>
# type: cell
# rows: 0
# columns: 0
