# Created by Octave 2.1.69, Wed May 11 15:56:44 2005 CEST <javier@hypercat02.atc.ugr.es>
# name: instr
# type: cell
# rows: 12
# columns: 3
# name: <cell-element>
# type: string
# elements: 1
# length: 15
WaveLine_argchk
# name: <cell-element>
# type: string
# elements: 1
# length: 5
ldimg
# name: <cell-element>
# type: string
# elements: 1
# length: 5
lboot
# name: <cell-element>
# type: string
# elements: 1
# length: 5
spawn
# name: <cell-element>
# type: string
# elements: 1
# length: 5
ncmds
# name: <cell-element>
# type: string
# elements: 1
# length: 5
loop1
# name: <cell-element>
# type: string
# elements: 1
# length: 10
WLdwt2TBag
# name: <cell-element>
# type: string
# elements: 1
# length: 1
-
# name: <cell-element>
# type: string
# elements: 1
# length: 11
WLidwt2TBag
# name: <cell-element>
# type: string
# elements: 1
# length: 1
-
# name: <cell-element>
# type: string
# elements: 1
# length: 5
clean
# name: <cell-element>
# type: string
# elements: 1
# length: 6
TOTAL:

# name: <cell-element>
# type: scalar
0.000781059265136719
# name: <cell-element>
# type: scalar
0.0144429206848145
# name: <cell-element>
# type: scalar
0.160722017288208
# name: <cell-element>
# type: scalar
0.398019075393677
# name: <cell-element>
# type: scalar
0.0162749290466309
# name: <cell-element>
# type: scalar
0.00107288360595703
# name: <cell-element>
# type: scalar
17.6615350246429
# name: <cell-element>
# type: scalar
0.00229907035827637
# name: <cell-element>
# type: scalar
17.6232070922852
# name: <cell-element>
# type: scalar
0.000757932662963867
# name: <cell-element>
# type: scalar
0.0344290733337402
# name: <cell-element>
# type: scalar
35.9135410785675

# name: <cell-element>
# type: cell
# rows: 0
# columns: 0
# name: <cell-element>
# type: cell
# rows: 0
# columns: 0
# name: <cell-element>
# type: cell
# rows: 0
# columns: 0
# name: <cell-element>
# type: cell
# rows: 0
# columns: 0
# name: <cell-element>
# type: cell
# rows: 0
# columns: 0
# name: <cell-element>
# type: cell
# rows: 0
# columns: 0
# name: <cell-element>
# type: cell
# rows: 9
# columns: 3
# name: <cell-element>
# type: string
# elements: 1
# length: 14
WLdwt2TBag_ini
# name: <cell-element>
# type: string
# elements: 1
# length: 4
rows
# name: <cell-element>
# type: string
# elements: 1
# length: 1
-
# name: <cell-element>
# type: string
# elements: 1
# length: 5
probe
# name: <cell-element>
# type: string
# elements: 1
# length: 4
cols
# name: <cell-element>
# type: string
# elements: 1
# length: 1
-
# name: <cell-element>
# type: string
# elements: 1
# length: 5
probe
# name: <cell-element>
# type: string
# elements: 1
# length: 5
reorg
# name: <cell-element>
# type: string
# elements: 1
# length: 6
TOTAL:

# name: <cell-element>
# type: scalar
0.000873088836669922
# name: <cell-element>
# type: scalar
8.91872501373291
# name: <cell-element>
# type: scalar
0.000108957290649414
# name: <cell-element>
# type: scalar
0.0190999507904053
# name: <cell-element>
# type: scalar
8.69594311714172
# name: <cell-element>
# type: scalar
0.000108957290649414
# name: <cell-element>
# type: scalar
0.00773000717163086
# name: <cell-element>
# type: scalar
0.0189459323883057
# name: <cell-element>
# type: scalar
17.6615350246429

# name: <cell-element>
# type: cell
# rows: 0
# columns: 0
# name: <cell-element>
# type: cell
# rows: 14
# columns: 3
# name: <cell-element>
# type: string
# elements: 1
# length: 8
rows_ini
# name: <cell-element>
# type: string
# elements: 1
# length: 4
100r
# name: <cell-element>
# type: string
# elements: 1
# length: 4
100r
# name: <cell-element>
# type: string
# elements: 1
# length: 4
100r
# name: <cell-element>
# type: string
# elements: 1
# length: 4
100r
# name: <cell-element>
# type: string
# elements: 1
# length: 4
100r
# name: <cell-element>
# type: string
# elements: 1
# length: 3
12r
# name: <cell-element>
# type: string
# elements: 1
# length: 1
.
# name: <cell-element>
# type: string
# elements: 1
# length: 1
.
# name: <cell-element>
# type: string
# elements: 1
# length: 1
.
# name: <cell-element>
# type: string
# elements: 1
# length: 1
.
# name: <cell-element>
# type: string
# elements: 1
# length: 1
.
# name: <cell-element>
# type: string
# elements: 1
# length: 1
.
# name: <cell-element>
# type: string
# elements: 1
# length: 6
TOTAL:

# name: <cell-element>
# type: scalar
0.0412979125976562
# name: <cell-element>
# type: scalar
1.72479319572449
# name: <cell-element>
# type: scalar
1.72400379180908
# name: <cell-element>
# type: scalar
1.72185111045837
# name: <cell-element>
# type: scalar
1.72432994842529
# name: <cell-element>
# type: scalar
1.72521710395813
# name: <cell-element>
# type: scalar
0.206624984741211
# name: <cell-element>
# type: scalar
0.00861406326293945
# name: <cell-element>
# type: scalar
0.00833582878112793
# name: <cell-element>
# type: scalar
0.0083160400390625
# name: <cell-element>
# type: scalar
0.00840497016906738
# name: <cell-element>
# type: scalar
0.00836014747619629
# name: <cell-element>
# type: scalar
0.0085759162902832
# name: <cell-element>
# type: scalar
8.91872501373291

# name: <cell-element>
# type: cell
# rows: 0
# columns: 0
# name: <cell-element>
# type: cell
# rows: 0
# columns: 0
# name: <cell-element>
# type: cell
# rows: 0
# columns: 0
# name: <cell-element>
# type: cell
# rows: 0
# columns: 0
# name: <cell-element>
# type: cell
# rows: 0
# columns: 0
# name: <cell-element>
# type: cell
# rows: 0
# columns: 0
# name: <cell-element>
# type: cell
# rows: 0
# columns: 0
# name: <cell-element>
# type: cell
# rows: 0
# columns: 0
# name: <cell-element>
# type: cell
# rows: 0
# columns: 0
# name: <cell-element>
# type: cell
# rows: 0
# columns: 0
# name: <cell-element>
# type: cell
# rows: 0
# columns: 0
# name: <cell-element>
# type: cell
# rows: 0
# columns: 0
# name: <cell-element>
# type: cell
# rows: 0
# columns: 0
# name: <cell-element>
# type: cell
# rows: 0
# columns: 0

# name: <cell-element>
# type: cell
# rows: 0
# columns: 0
# name: <cell-element>
# type: cell
# rows: 0
# columns: 0
# name: <cell-element>
# type: cell
# rows: 14
# columns: 3
# name: <cell-element>
# type: string
# elements: 1
# length: 8
cols_ini
# name: <cell-element>
# type: string
# elements: 1
# length: 4
100c
# name: <cell-element>
# type: string
# elements: 1
# length: 4
100c
# name: <cell-element>
# type: string
# elements: 1
# length: 4
100c
# name: <cell-element>
# type: string
# elements: 1
# length: 4
100c
# name: <cell-element>
# type: string
# elements: 1
# length: 4
100c
# name: <cell-element>
# type: string
# elements: 1
# length: 3
12c
# name: <cell-element>
# type: string
# elements: 1
# length: 1
.
# name: <cell-element>
# type: string
# elements: 1
# length: 1
.
# name: <cell-element>
# type: string
# elements: 1
# length: 1
.
# name: <cell-element>
# type: string
# elements: 1
# length: 1
.
# name: <cell-element>
# type: string
# elements: 1
# length: 1
.
# name: <cell-element>
# type: string
# elements: 1
# length: 1
.
# name: <cell-element>
# type: string
# elements: 1
# length: 6
TOTAL:

# name: <cell-element>
# type: scalar
0.0355792045593262
# name: <cell-element>
# type: scalar
1.67582392692566
# name: <cell-element>
# type: scalar
1.68630695343018
# name: <cell-element>
# type: scalar
1.69421601295471
# name: <cell-element>
# type: scalar
1.67620801925659
# name: <cell-element>
# type: scalar
1.67709398269653
# name: <cell-element>
# type: scalar
0.201528072357178
# name: <cell-element>
# type: scalar
0.00836491584777832
# name: <cell-element>
# type: scalar
0.00805306434631348
# name: <cell-element>
# type: scalar
0.00813484191894531
# name: <cell-element>
# type: scalar
0.00814414024353027
# name: <cell-element>
# type: scalar
0.00839805603027344
# name: <cell-element>
# type: scalar
0.00809192657470703
# name: <cell-element>
# type: scalar
8.69594311714172

# name: <cell-element>
# type: cell
# rows: 0
# columns: 0
# name: <cell-element>
# type: cell
# rows: 0
# columns: 0
