# Created by Octave 2.1.69, Wed May 11 16:03:05 2005 CEST <javier@hypercat02.atc.ugr.es>
# name: instr
# type: cell
# rows: 12
# columns: 3
# name: <cell-element>
# type: string
# elements: 1
# length: 15
WaveLine_argchk
# name: <cell-element>
# type: string
# elements: 1
# length: 5
ldimg
# name: <cell-element>
# type: string
# elements: 1
# length: 5
lboot
# name: <cell-element>
# type: string
# elements: 1
# length: 5
spawn
# name: <cell-element>
# type: string
# elements: 1
# length: 5
ncmds
# name: <cell-element>
# type: string
# elements: 1
# length: 5
loop1
# name: <cell-element>
# type: string
# elements: 1
# length: 10
WLdwt2TBag
# name: <cell-element>
# type: string
# elements: 1
# length: 1
-
# name: <cell-element>
# type: string
# elements: 1
# length: 11
WLidwt2TBag
# name: <cell-element>
# type: string
# elements: 1
# length: 1
-
# name: <cell-element>
# type: string
# elements: 1
# length: 5
clean
# name: <cell-element>
# type: string
# elements: 1
# length: 6
TOTAL:

# name: <cell-element>
# type: scalar
0.000817060470581055
# name: <cell-element>
# type: scalar
0.0140218734741211
# name: <cell-element>
# type: scalar
0.1513671875
# name: <cell-element>
# type: scalar
0.341615915298462
# name: <cell-element>
# type: scalar
0.0153110027313232
# name: <cell-element>
# type: scalar
0.00071406364440918
# name: <cell-element>
# type: scalar
16.8294138908386
# name: <cell-element>
# type: scalar
0.00186300277709961
# name: <cell-element>
# type: scalar
16.7836890220642
# name: <cell-element>
# type: scalar
0.000757932662963867
# name: <cell-element>
# type: scalar
0.0366129875183105
# name: <cell-element>
# type: scalar
34.1761839389801

# name: <cell-element>
# type: cell
# rows: 0
# columns: 0
# name: <cell-element>
# type: cell
# rows: 0
# columns: 0
# name: <cell-element>
# type: cell
# rows: 0
# columns: 0
# name: <cell-element>
# type: cell
# rows: 0
# columns: 0
# name: <cell-element>
# type: cell
# rows: 0
# columns: 0
# name: <cell-element>
# type: cell
# rows: 0
# columns: 0
# name: <cell-element>
# type: cell
# rows: 9
# columns: 3
# name: <cell-element>
# type: string
# elements: 1
# length: 14
WLdwt2TBag_ini
# name: <cell-element>
# type: string
# elements: 1
# length: 4
rows
# name: <cell-element>
# type: string
# elements: 1
# length: 1
-
# name: <cell-element>
# type: string
# elements: 1
# length: 5
probe
# name: <cell-element>
# type: string
# elements: 1
# length: 4
cols
# name: <cell-element>
# type: string
# elements: 1
# length: 1
-
# name: <cell-element>
# type: string
# elements: 1
# length: 5
probe
# name: <cell-element>
# type: string
# elements: 1
# length: 5
reorg
# name: <cell-element>
# type: string
# elements: 1
# length: 6
TOTAL:

# name: <cell-element>
# type: scalar
0.00052189826965332
# name: <cell-element>
# type: scalar
8.52551913261414
# name: <cell-element>
# type: scalar
0.000112771987915039
# name: <cell-element>
# type: scalar
0.0186049938201904
# name: <cell-element>
# type: scalar
8.2575900554657
# name: <cell-element>
# type: scalar
0.000118017196655273
# name: <cell-element>
# type: scalar
0.00760412216186523
# name: <cell-element>
# type: scalar
0.0193428993225098
# name: <cell-element>
# type: scalar
16.8294138908386

# name: <cell-element>
# type: cell
# rows: 0
# columns: 0
# name: <cell-element>
# type: cell
# rows: 13
# columns: 3
# name: <cell-element>
# type: string
# elements: 1
# length: 8
rows_ini
# name: <cell-element>
# type: string
# elements: 1
# length: 4
100r
# name: <cell-element>
# type: string
# elements: 1
# length: 4
100r
# name: <cell-element>
# type: string
# elements: 1
# length: 4
100r
# name: <cell-element>
# type: string
# elements: 1
# length: 4
100r
# name: <cell-element>
# type: string
# elements: 1
# length: 4
100r
# name: <cell-element>
# type: string
# elements: 1
# length: 3
12r
# name: <cell-element>
# type: string
# elements: 1
# length: 1
.
# name: <cell-element>
# type: string
# elements: 1
# length: 1
.
# name: <cell-element>
# type: string
# elements: 1
# length: 1
.
# name: <cell-element>
# type: string
# elements: 1
# length: 1
.
# name: <cell-element>
# type: string
# elements: 1
# length: 1
.
# name: <cell-element>
# type: string
# elements: 1
# length: 6
TOTAL:

# name: <cell-element>
# type: scalar
0.0436999797821045
# name: <cell-element>
# type: scalar
1.64806294441223
# name: <cell-element>
# type: scalar
1.63948512077332
# name: <cell-element>
# type: scalar
1.63902592658997
# name: <cell-element>
# type: scalar
1.63868308067322
# name: <cell-element>
# type: scalar
1.64092397689819
# name: <cell-element>
# type: scalar
0.196676015853882
# name: <cell-element>
# type: scalar
0.0159120559692383
# name: <cell-element>
# type: scalar
0.0156509876251221
# name: <cell-element>
# type: scalar
0.0159690380096436
# name: <cell-element>
# type: scalar
0.0157198905944824
# name: <cell-element>
# type: scalar
0.0157101154327393
# name: <cell-element>
# type: scalar
8.52551913261414

# name: <cell-element>
# type: cell
# rows: 0
# columns: 0
# name: <cell-element>
# type: cell
# rows: 0
# columns: 0
# name: <cell-element>
# type: cell
# rows: 0
# columns: 0
# name: <cell-element>
# type: cell
# rows: 0
# columns: 0
# name: <cell-element>
# type: cell
# rows: 0
# columns: 0
# name: <cell-element>
# type: cell
# rows: 0
# columns: 0
# name: <cell-element>
# type: cell
# rows: 0
# columns: 0
# name: <cell-element>
# type: cell
# rows: 0
# columns: 0
# name: <cell-element>
# type: cell
# rows: 0
# columns: 0
# name: <cell-element>
# type: cell
# rows: 0
# columns: 0
# name: <cell-element>
# type: cell
# rows: 0
# columns: 0
# name: <cell-element>
# type: cell
# rows: 0
# columns: 0
# name: <cell-element>
# type: cell
# rows: 0
# columns: 0

# name: <cell-element>
# type: cell
# rows: 0
# columns: 0
# name: <cell-element>
# type: cell
# rows: 0
# columns: 0
# name: <cell-element>
# type: cell
# rows: 13
# columns: 3
# name: <cell-element>
# type: string
# elements: 1
# length: 8
cols_ini
# name: <cell-element>
# type: string
# elements: 1
# length: 4
100c
# name: <cell-element>
# type: string
# elements: 1
# length: 4
100c
# name: <cell-element>
# type: string
# elements: 1
# length: 4
100c
# name: <cell-element>
# type: string
# elements: 1
# length: 4
100c
# name: <cell-element>
# type: string
# elements: 1
# length: 4
100c
# name: <cell-element>
# type: string
# elements: 1
# length: 3
12c
# name: <cell-element>
# type: string
# elements: 1
# length: 1
.
# name: <cell-element>
# type: string
# elements: 1
# length: 1
.
# name: <cell-element>
# type: string
# elements: 1
# length: 1
.
# name: <cell-element>
# type: string
# elements: 1
# length: 1
.
# name: <cell-element>
# type: string
# elements: 1
# length: 1
.
# name: <cell-element>
# type: string
# elements: 1
# length: 6
TOTAL:

# name: <cell-element>
# type: scalar
0.0378270149230957
# name: <cell-element>
# type: scalar
1.58646202087402
# name: <cell-element>
# type: scalar
1.59011816978455
# name: <cell-element>
# type: scalar
1.59289288520813
# name: <cell-element>
# type: scalar
1.5909960269928
# name: <cell-element>
# type: scalar
1.59174299240112
# name: <cell-element>
# type: scalar
0.190436124801636
# name: <cell-element>
# type: scalar
0.015488862991333
# name: <cell-element>
# type: scalar
0.0153419971466064
# name: <cell-element>
# type: scalar
0.0153570175170898
# name: <cell-element>
# type: scalar
0.0154690742492676
# name: <cell-element>
# type: scalar
0.0154578685760498
# name: <cell-element>
# type: scalar
8.2575900554657

# name: <cell-element>
# type: cell
# rows: 0
# columns: 0
# name: <cell-element>
# type: cell
# rows: 0
# columns: 0
# name: <cell-element>
# type: cell
# rows: 0
# columns: 0
# name: <cell-element>
# type: cell
# rows: 0
# columns: 0
# name: <cell-element>
# type: cell
# rows: 0
# columns: 0
# name: <cell-element>
# type: cell
# rows: 0
# columns: 0
# name: <cell-element>
# type: cell
# rows: 0
# columns: 0
