# Created by Octave 2.1.69, Wed May 11 16:12:15 2005 CEST <javier@hypercat02.atc.ugr.es>
# name: instr
# type: cell
# rows: 12
# columns: 3
# name: <cell-element>
# type: string
# elements: 1
# length: 16
WaveStrip_argchk
# name: <cell-element>
# type: string
# elements: 1
# length: 5
ldimg
# name: <cell-element>
# type: string
# elements: 1
# length: 5
lboot
# name: <cell-element>
# type: string
# elements: 1
# length: 5
spawn
# name: <cell-element>
# type: string
# elements: 1
# length: 5
ncmds
# name: <cell-element>
# type: string
# elements: 1
# length: 5
loop1
# name: <cell-element>
# type: string
# elements: 1
# length: 10
WSdwt2TBag
# name: <cell-element>
# type: string
# elements: 1
# length: 1
-
# name: <cell-element>
# type: string
# elements: 1
# length: 11
WSidwt2TBag
# name: <cell-element>
# type: string
# elements: 1
# length: 1
-
# name: <cell-element>
# type: string
# elements: 1
# length: 5
clean
# name: <cell-element>
# type: string
# elements: 1
# length: 6
TOTAL:

# name: <cell-element>
# type: scalar
0.000615835189819336
# name: <cell-element>
# type: scalar
0.0136651992797852
# name: <cell-element>
# type: scalar
0.143589973449707
# name: <cell-element>
# type: scalar
0.303348064422607
# name: <cell-element>
# type: scalar
0.0152239799499512
# name: <cell-element>
# type: scalar
0.000726938247680664
# name: <cell-element>
# type: scalar
1.24520397186279
# name: <cell-element>
# type: scalar
0.00179791450500488
# name: <cell-element>
# type: scalar
1.20565009117126
# name: <cell-element>
# type: scalar
0.000776052474975586
# name: <cell-element>
# type: scalar
0.0329010486602783
# name: <cell-element>
# type: scalar
2.96349906921387

# name: <cell-element>
# type: cell
# rows: 0
# columns: 0
# name: <cell-element>
# type: cell
# rows: 0
# columns: 0
# name: <cell-element>
# type: cell
# rows: 0
# columns: 0
# name: <cell-element>
# type: cell
# rows: 0
# columns: 0
# name: <cell-element>
# type: cell
# rows: 0
# columns: 0
# name: <cell-element>
# type: cell
# rows: 0
# columns: 0
# name: <cell-element>
# type: cell
# rows: 11
# columns: 3
# name: <cell-element>
# type: string
# elements: 1
# length: 14
WSdwt2TBag_ini
# name: <cell-element>
# type: string
# elements: 1
# length: 4
rows
# name: <cell-element>
# type: string
# elements: 1
# length: 1
-
# name: <cell-element>
# type: string
# elements: 1
# length: 5
probe
# name: <cell-element>
# type: string
# elements: 1
# length: 1
.
# name: <cell-element>
# type: string
# elements: 1
# length: 4
cols
# name: <cell-element>
# type: string
# elements: 1
# length: 1
-
# name: <cell-element>
# type: string
# elements: 1
# length: 5
probe
# name: <cell-element>
# type: string
# elements: 1
# length: 1
.
# name: <cell-element>
# type: string
# elements: 1
# length: 5
reorg
# name: <cell-element>
# type: string
# elements: 1
# length: 6
TOTAL:

# name: <cell-element>
# type: scalar
0.000737905502319336
# name: <cell-element>
# type: scalar
0.538179159164429
# name: <cell-element>
# type: scalar
0.000121831893920898
# name: <cell-element>
# type: scalar
0.0230531692504883
# name: <cell-element>
# type: scalar
0.000616788864135742
# name: <cell-element>
# type: scalar
0.652695178985596
# name: <cell-element>
# type: scalar
0.000123023986816406
# name: <cell-element>
# type: scalar
0.0112679004669189
# name: <cell-element>
# type: scalar
0.0001220703125
# name: <cell-element>
# type: scalar
0.0182869434356689
# name: <cell-element>
# type: scalar
1.24520397186279

# name: <cell-element>
# type: cell
# rows: 0
# columns: 0
# name: <cell-element>
# type: cell
# rows: 15
# columns: 3
# name: <cell-element>
# type: string
# elements: 1
# length: 8
rows_ini
# name: <cell-element>
# type: string
# elements: 1
# length: 6
strp#1
# name: <cell-element>
# type: string
# elements: 1
# length: 6
strp#2
# name: <cell-element>
# type: string
# elements: 1
# length: 6
strp#3
# name: <cell-element>
# type: string
# elements: 1
# length: 6
strp#4
# name: <cell-element>
# type: string
# elements: 1
# length: 5
alloc
# name: <cell-element>
# type: string
# elements: 1
# length: 2
r1
# name: <cell-element>
# type: string
# elements: 1
# length: 2
cp
# name: <cell-element>
# type: string
# elements: 1
# length: 2
r2
# name: <cell-element>
# type: string
# elements: 1
# length: 2
cp
# name: <cell-element>
# type: string
# elements: 1
# length: 2
r3
# name: <cell-element>
# type: string
# elements: 1
# length: 2
cp
# name: <cell-element>
# type: string
# elements: 1
# length: 2
r4
# name: <cell-element>
# type: string
# elements: 1
# length: 2
cp
# name: <cell-element>
# type: string
# elements: 1
# length: 6
TOTAL:

# name: <cell-element>
# type: scalar
0.0447700023651123
# name: <cell-element>
# type: scalar
0.0327811241149902
# name: <cell-element>
# type: scalar
0.0299499034881592
# name: <cell-element>
# type: scalar
0.0303969383239746
# name: <cell-element>
# type: scalar
0.027623176574707
# name: <cell-element>
# type: scalar
0.023237943649292
# name: <cell-element>
# type: scalar
0.240372896194458
# name: <cell-element>
# type: scalar
0.0190341472625732
# name: <cell-element>
# type: scalar
0.0105459690093994
# name: <cell-element>
# type: scalar
0.0188829898834229
# name: <cell-element>
# type: scalar
0.0133500099182129
# name: <cell-element>
# type: scalar
0.0190060138702393
# name: <cell-element>
# type: scalar
0.0115008354187012
# name: <cell-element>
# type: scalar
0.0167272090911865
# name: <cell-element>
# type: scalar
0.538179159164429

# name: <cell-element>
# type: cell
# rows: 0
# columns: 0
# name: <cell-element>
# type: cell
# rows: 0
# columns: 0
# name: <cell-element>
# type: cell
# rows: 0
# columns: 0
# name: <cell-element>
# type: cell
# rows: 0
# columns: 0
# name: <cell-element>
# type: cell
# rows: 0
# columns: 0
# name: <cell-element>
# type: cell
# rows: 0
# columns: 0
# name: <cell-element>
# type: cell
# rows: 0
# columns: 0
# name: <cell-element>
# type: cell
# rows: 0
# columns: 0
# name: <cell-element>
# type: cell
# rows: 0
# columns: 0
# name: <cell-element>
# type: cell
# rows: 0
# columns: 0
# name: <cell-element>
# type: cell
# rows: 0
# columns: 0
# name: <cell-element>
# type: cell
# rows: 0
# columns: 0
# name: <cell-element>
# type: cell
# rows: 0
# columns: 0
# name: <cell-element>
# type: cell
# rows: 0
# columns: 0
# name: <cell-element>
# type: cell
# rows: 0
# columns: 0

# name: <cell-element>
# type: cell
# rows: 0
# columns: 0
# name: <cell-element>
# type: cell
# rows: 0
# columns: 0
# name: <cell-element>
# type: cell
# rows: 0
# columns: 0
# name: <cell-element>
# type: cell
# rows: 15
# columns: 3
# name: <cell-element>
# type: string
# elements: 1
# length: 8
cols_ini
# name: <cell-element>
# type: string
# elements: 1
# length: 6
strp#1
# name: <cell-element>
# type: string
# elements: 1
# length: 6
strp#2
# name: <cell-element>
# type: string
# elements: 1
# length: 6
strp#3
# name: <cell-element>
# type: string
# elements: 1
# length: 6
strp#4
# name: <cell-element>
# type: string
# elements: 1
# length: 5
alloc
# name: <cell-element>
# type: string
# elements: 1
# length: 2
r1
# name: <cell-element>
# type: string
# elements: 1
# length: 2
cp
# name: <cell-element>
# type: string
# elements: 1
# length: 2
r2
# name: <cell-element>
# type: string
# elements: 1
# length: 2
cp
# name: <cell-element>
# type: string
# elements: 1
# length: 2
r3
# name: <cell-element>
# type: string
# elements: 1
# length: 2
cp
# name: <cell-element>
# type: string
# elements: 1
# length: 2
r4
# name: <cell-element>
# type: string
# elements: 1
# length: 2
cp
# name: <cell-element>
# type: string
# elements: 1
# length: 6
TOTAL:

# name: <cell-element>
# type: scalar
0.0414280891418457
# name: <cell-element>
# type: scalar
0.0698740482330322
# name: <cell-element>
# type: scalar
0.0695090293884277
# name: <cell-element>
# type: scalar
0.0703849792480469
# name: <cell-element>
# type: scalar
0.0663208961486816
# name: <cell-element>
# type: scalar
0.0117809772491455
