# Created by Octave 2.1.69, Wed May 11 16:12:21 2005 CEST <javier@hypercat02.atc.ugr.es>
# name: instr
# type: cell
# rows: 12
# columns: 3
# name: <cell-element>
# type: string
# elements: 1
# length: 16
WaveStrip_argchk
# name: <cell-element>
# type: string
# elements: 1
# length: 5
ldimg
# name: <cell-element>
# type: string
# elements: 1
# length: 5
lboot
# name: <cell-element>
# type: string
# elements: 1
# length: 5
spawn
# name: <cell-element>
# type: string
# elements: 1
# length: 5
ncmds
# name: <cell-element>
# type: string
# elements: 1
# length: 5
loop1
# name: <cell-element>
# type: string
# elements: 1
# length: 10
WSdwt2TBag
# name: <cell-element>
# type: string
# elements: 1
# length: 1
-
# name: <cell-element>
# type: string
# elements: 1
# length: 11
WSidwt2TBag
# name: <cell-element>
# type: string
# elements: 1
# length: 1
-
# name: <cell-element>
# type: string
# elements: 1
# length: 5
clean
# name: <cell-element>
# type: string
# elements: 1
# length: 6
TOTAL:

# name: <cell-element>
# type: scalar
0.000586986541748047
# name: <cell-element>
# type: scalar
0.0137450695037842
# name: <cell-element>
# type: scalar
0.142541885375977
# name: <cell-element>
# type: scalar
0.316504001617432
# name: <cell-element>
# type: scalar
0.0152370929718018
# name: <cell-element>
# type: scalar
0.000717878341674805
# name: <cell-element>
# type: scalar
1.01163506507874
# name: <cell-element>
# type: scalar
0.00194787979125977
# name: <cell-element>
# type: scalar
0.983756065368652
# name: <cell-element>
# type: scalar
0.000746965408325195
# name: <cell-element>
# type: scalar
0.0330171585083008
# name: <cell-element>
# type: scalar
2.52043604850769

# name: <cell-element>
# type: cell
# rows: 0
# columns: 0
# name: <cell-element>
# type: cell
# rows: 0
# columns: 0
# name: <cell-element>
# type: cell
# rows: 0
# columns: 0
# name: <cell-element>
# type: cell
# rows: 0
# columns: 0
# name: <cell-element>
# type: cell
# rows: 0
# columns: 0
# name: <cell-element>
# type: cell
# rows: 0
# columns: 0
# name: <cell-element>
# type: cell
# rows: 11
# columns: 3
# name: <cell-element>
# type: string
# elements: 1
# length: 14
WSdwt2TBag_ini
# name: <cell-element>
# type: string
# elements: 1
# length: 4
rows
# name: <cell-element>
# type: string
# elements: 1
# length: 1
-
# name: <cell-element>
# type: string
# elements: 1
# length: 5
probe
# name: <cell-element>
# type: string
# elements: 1
# length: 1
.
# name: <cell-element>
# type: string
# elements: 1
# length: 4
cols
# name: <cell-element>
# type: string
# elements: 1
# length: 1
-
# name: <cell-element>
# type: string
# elements: 1
# length: 5
probe
# name: <cell-element>
# type: string
# elements: 1
# length: 1
.
# name: <cell-element>
# type: string
# elements: 1
# length: 5
reorg
# name: <cell-element>
# type: string
# elements: 1
# length: 6
TOTAL:

# name: <cell-element>
# type: scalar
0.000811100006103516
# name: <cell-element>
# type: scalar
0.425220012664795
# name: <cell-element>
# type: scalar
0.000123023986816406
# name: <cell-element>
# type: scalar
0.0228679180145264
# name: <cell-element>
# type: scalar
0.000655889511108398
# name: <cell-element>
# type: scalar
0.532014131546021
# name: <cell-element>
# type: scalar
0.000128030776977539
# name: <cell-element>
# type: scalar
0.0111320018768311
# name: <cell-element>
# type: scalar
0.00011897087097168
# name: <cell-element>
# type: scalar
0.018563985824585
# name: <cell-element>
# type: scalar
1.01163506507874

# name: <cell-element>
# type: cell
# rows: 0
# columns: 0
# name: <cell-element>
# type: cell
# rows: 21
# columns: 3
# name: <cell-element>
# type: string
# elements: 1
# length: 8
rows_ini
# name: <cell-element>
# type: string
# elements: 1
# length: 6
strp#1
# name: <cell-element>
# type: string
# elements: 1
# length: 6
strp#2
# name: <cell-element>
# type: string
# elements: 1
# length: 6
strp#3
# name: <cell-element>
# type: string
# elements: 1
# length: 6
strp#4
# name: <cell-element>
# type: string
# elements: 1
# length: 6
strp#5
# name: <cell-element>
# type: string
# elements: 1
# length: 6
strp#6
# name: <cell-element>
# type: string
# elements: 1
# length: 5
alloc
# name: <cell-element>
# type: string
# elements: 1
# length: 2
r1
# name: <cell-element>
# type: string
# elements: 1
# length: 2
cp
# name: <cell-element>
# type: string
# elements: 1
# length: 2
r2
# name: <cell-element>
# type: string
# elements: 1
# length: 2
cp
# name: <cell-element>
# type: string
# elements: 1
# length: 2
r3
# name: <cell-element>
# type: string
# elements: 1
# length: 2
cp
# name: <cell-element>
# type: string
# elements: 1
# length: 2
r4
# name: <cell-element>
# type: string
# elements: 1
# length: 2
cp
# name: <cell-element>
# type: string
# elements: 1
# length: 2
r5
# name: <cell-element>
# type: string
# elements: 1
# length: 2
cp
# name: <cell-element>
# type: string
# elements: 1
# length: 2
r6
# name: <cell-element>
# type: string
# elements: 1
# length: 2
cp
# name: <cell-element>
# type: string
# elements: 1
# length: 6
TOTAL:

# name: <cell-element>
# type: scalar
0.0506830215454102
# name: <cell-element>
# type: scalar
0.0229499340057373
# name: <cell-element>
# type: scalar
0.0205099582672119
# name: <cell-element>
# type: scalar
0.019740104675293
# name: <cell-element>
# type: scalar
0.0194690227508545
# name: <cell-element>
# type: scalar
0.0195410251617432
# name: <cell-element>
# type: scalar
0.0169038772583008
# name: <cell-element>
# type: scalar
0.0179550647735596
# name: <cell-element>
# type: scalar
0.130085945129395
# name: <cell-element>
# type: scalar
0.0101730823516846
# name: <cell-element>
# type: scalar
0.00723791122436523
# name: <cell-element>
# type: scalar
0.0100629329681396
# name: <cell-element>
# type: scalar
0.00873208045959473
# name: <cell-element>
# type: scalar
0.0126700401306152
# name: <cell-element>
# type: scalar
0.00795507431030273
# name: <cell-element>
# type: scalar
0.0129859447479248
# name: <cell-element>
# type: scalar
0.00699305534362793
# name: <cell-element>
# type: scalar
0.0126368999481201
# name: <cell-element>
# type: scalar
0.00732588768005371
# name: <cell-element>
# type: scalar
0.0106091499328613
# name: <cell-element>
# type: scalar
0.425220012664795

# name: <cell-element>
# type: cell
# rows: 0
# columns: 0
# name: <cell-element>
# type: cell
# rows: 0
# columns: 0
# name: <cell-element>
# type: cell
# rows: 0
# columns: 0
# name: <cell-element>
# type: cell
# rows: 0
# columns: 0
# name: <cell-element>
# type: cell
# rows: 0
# columns: 0
# name: <cell-element>
# type: cell
# rows: 0
# columns: 0
# name: <cell-element>
# type: cell
# rows: 0
# columns: 0
# name: <cell-element>
# type: cell
# rows: 0
# columns: 0
# name: <cell-element>
# type: cell
# rows: 0
# columns: 0
# name: <cell-element>
# type: cell
# rows: 0
# columns: 0
# name: <cell-element>
# type: cell
# rows: 0
# columns: 0
# name: <cell-element>
# type: cell
# rows: 0
# columns: 0
# name: <cell-element>
# type: cell
# rows: 0
# columns: 0
# name: <cell-element>
# type: cell
# rows: 0
# columns: 0
# name: <cell-element>
# type: cell
# rows: 0
# columns: 0
# name: <cell-element>
# type: cell
# rows: 0
# columns: 0
# name: <cell-element>
# type: cell
# rows: 0
# columns: 0
# name: <cell-element>
# type: cell
# rows: 0
# columns: 0
# name: <cell-element>
# type: cell
# rows: 0
# columns: 0
# name: <cell-element>
# type: cell
# rows: 0
# columns: 0
# name: <cell-element>
# type: cell
# rows: 0
# columns: 0

# name: <cell-element>
# type: cell
# rows: 0
# columns: 0
# name: <cell-element>
# type: cell
# rows: 0
# columns: 0
# name: <cell-element>
# type: cell
# rows: 0
# columns: 0
# name: <cell-element>
# type: cell
# rows: 21
# columns: 3
# name: <cell-element>
# type: string
# elements: 1
# length: 8
cols_ini
# name: <cell-element>
# type: string
# elements: 1
# length: 6
strp#1
# name: <cell-element>
# type: string
# elements: 1
# length: 6
strp#2
